0 0.48946620508567573 0.1254862941263293 0.7695211980760712 0.0509218377909884
1 0.5397608895126033 0.37299019900596553 0.2565606952015977 0.03728956396525526
2 0.5185540022669617 0.41058168932773276 0.22062395422896316 0.03815221069814662
3 0.47481243590435585 0.4482030404979462 0.1266637879851028 0.0364202814882647
7 0.7740053375026331 0.719019638884192 0.2221012291272564 0.04509960841232752
8 0.7639175257731958 0.761723700887199 0.25773195876288657 0.043092522179974654
4 0.2966905259594475 0.5107566146947283 0.3798148243697648 0.04580692344443124
5 0.6072164948453608 0.5107731305449936 0.09278350515463918 0.043092522179974654
6 0.7927835051546391 0.5101394169835235 0.1670103092783505 0.044359949302915085
4 0.31030928228319304 0.5570342205323194 0.41107869099095923 0.04956023744455006
5 0.6092783505154639 0.5564005069708492 0.09278350515463918 0.043092522179974654
6 0.8061855670103093 0.5551330798479087 0.14845360824742268 0.045627376425855515
