0 0.5286275235393282 0.09905758508309187 0.6293943505612433 0.04960680482851848
1 0.5599790304674972 0.4149713922441195 0.22000877156915144 0.04185208730663273
2 0.5405102586242342 0.46029879211697394 0.18929457396214525 0.04350497986861622
3 0.49850951852308706 0.5045666454757364 0.11077532447953072 0.04727696545878367
7 0.7727884149583414 0.7353629268865308 0.1712248366814558 0.05480921721655483
8 0.7448329975467017 0.7855818049840488 0.22439455614489517 0.04761155426161179
4 0.3341625207296849 0.5769230769230769 0.31343283582089554 0.04358974358974359
5 0.6169154228855721 0.5769230769230769 0.07960199004975124 0.04871794871794872
6 0.7868988391376451 0.5782051282051283 0.1310116086235489 0.05128205128205128
4 0.3076285240464345 0.6288461538461538 0.2736318407960199 0.052730618990384615
5 0.6185737976782753 0.6314102564102564 0.07960199004975124 0.05
6 0.7902155887230514 0.6339743589743589 0.1310116086235489 0.052564102564102565
