0 0.42825047786419207 0.0978345793600266 0.39884092461349624 0.024958846087639167
1 0.45394199346405234 0.23374310661764705 0.18075980392156868 0.02642463235294118
2 0.43811274509803927 0.2607421875 0.15114379084967317 0.02642463235294118
3 0.40515216503267976 0.28683651194852944 0.08726511437908495 0.02691291360294118
7 0.6164726307189543 0.3875947840073529 0.15594362745098037 0.028923483455882304
8 0.608097188612994 0.413862448404817 0.18065516153971364 0.02590963945669278
4 0.1974826388888889 0.322265625 0.11371527777777778 0.0224609375
5 0.4991319444444444 0.3212890625 0.0625 0.0244140625
6 0.6297743055555556 0.3212890625 0.11371527777777778 0.0224609375
4 0.1857638888888889 0.3447265625 0.10416666666666667 0.0234375
5 0.5008680555555556 0.34423828125 0.0625 0.0244140625
6 0.6397341014513004 0.344797250102548 0.10095513100717578 0.02449799285215487
