0 0.44367454939590384 0.20656833400974028 0.6064279574852485 0.04594916801948054
1 0.4884755169903791 0.42182817558447516 0.18991399694372102 0.02855218450228375
2 0.47419829721804024 0.4486074050267538 0.16135955739904329 0.028725226720174135
7 0.6610652340783013 0.6411128342151642 0.16604121526082358 0.033337175846099854
8 0.6532107724083794 0.6726132929325104 0.19214730792575413 0.035816490650177
4 0.29884979018458613 0.5218655963738759 0.26899587666546854 0.030710359414418575
5 0.5394965277777778 0.51611328125 0.06163194444444445 0.0263671875
6 0.6848958333333334 0.513916015625 0.10590277777777778 0.02685546875
4 0.2623810326611554 0.552452693382899 0.20300280606305157 0.03198872009913123
5 0.5412326388888888 0.548095703125 0.06510416666666667 0.02978515625
6 0.6866319444444444 0.545654296875 0.109375 0.02783203125
4 0.3291853357244421 0.5831178625424702 0.34355585663406935 0.028214891751607296
5 0.5412326388888888 0.57958984375 0.06163194444444445 0.0244140625
6 0.6809895833333334 0.578125 0.12413194444444445 0.02734375
3 0.4403935185185185 0.47591145833333337 0.09143518518518522 0.028645833333333315
