0 0.5051948051948052 0.16101431816169282 0.24242424242424251 0.029184645924379398
1 0.2747122795903284 0.34170328319746696 0.16338295850490972 0.029922405975249602
2 0.7236706923512091 0.3416040082648176 0.17561289678844877 0.0332359295190207
3 0.284104107274839 0.36973180076628354 0.1841727378312745 0.029374201787994856
7 0.775710062295428 0.5485780145157774 0.09687467004540179 0.032021929414696504
8 0.7692640692640693 0.5797978382082671 0.10562770562770553 0.031975204809519354
4 0.34155844155844156 0.4468390804597701 0.3038961038961039 0.03365404852505388
5 0.6175324675324675 0.44588122605363983 0.048051948051948054 0.033524904214559385
6 0.7642857142857142 0.44492337164750956 0.10779220779220779 0.035440613026819924
4 0.3194805194805195 0.4990421455938697 0.2623376623376623 0.03261709395953065
5 0.6168831168831169 0.4976053639846743 0.05194805194805195 0.03735632183908046
6 0.7733766233766234 0.4976053639846743 0.09480519480519481 0.035440613026819924
