0 0.5559399635099315 0.16632715852908103 0.5680057833316122 0.04137755426825387
1 0.5831956349616165 0.47556071890848134 0.2920410341147716 0.044486175653022694
2 0.5533581190402422 0.516444925414306 0.23925092085786095 0.03713370254843293
3 0.5042990720260985 0.5488021403445494 0.13769036753665417 0.03606843075169555
7 0.8330579365898998 0.7090096972011797 0.21687493545388808 0.0424385171982091
8 0.8072394918930084 0.7509177329344112 0.2444146097972393 0.047743331847985265
4 0.20408551684508963 0.636795204216507 0.2532947901017596 0.04442241556268503
5 0.6378791008296327 0.6327317673520487 0.1019140073668629 0.04053939355358922
6 0.8584374677269442 0.6296761941137776 0.16436021894041095 0.04079402465677846
4 0.26888188922165995 0.5984382397082245 0.3553478605115495 0.04197589164298563
5 0.640787978932149 0.5928077322978335 0.10084684498605812 0.04132450612175613
6 0.8567162380804847 0.5915451864111868 0.16780267823332987 0.040921340208373166
