0 0.4798747763864042 0.24619856887298747 0.2579010137149672 0.04080948121645797
1 0.22460691823899373 0.4501201923076923 0.17100870827285924 0.029458454281567563
2 0.7100961342836037 0.45267144412191584 0.17986876658904247 0.02985100379356971
7 0.7474092111647503 0.7070249028752608 0.08694258395980753 0.03360984591856406
8 0.7389725912580412 0.7362853688321715 0.10623478845634159 0.03495828991185426
4 0.30435433759167974 0.6503957191987724 0.31751290198161397 0.047993031849189766
5 0.5887820512820513 0.6400240384615384 0.041666666666666664 0.030528846153846153
6 0.7423771563392938 0.6514258275357316 0.10426358766006741 0.03323325058891391
3 0.2366352201257862 0.4807238751814224 0.2037977745524915 0.03084179970972426
4 0.29365904365904366 0.5957640332640333 0.30665280665280664 0.04028066528066526
5 0.5899168399168399 0.5879677754677755 0.0415800415800416 0.029885654885654953
6 0.7428101178101177 0.594464656964657 0.10481635481635483 0.03508316008316005
