0 0.5994741250930753 0.205168776371308 0.2838793745346239 0.04746835443037976
1 0.5818247393894266 0.49310126582278485 0.23541046165301563 0.04544303797468359
2 0.5633260424422933 0.5356962025316456 0.22121649292628445 0.04675105485232062
7 0.7440670454404464 0.7986204184359137 0.17386330301337327 0.05887730658808825
8 0.7276385826400563 0.856605474737626 0.20439334849501764 0.05683124461757482
4 0.2814108199000979 0.6589156611961655 0.31501715394515023 0.05136698984395603
5 0.6093982688011914 0.6532700421940928 0.08718819806403577 0.060548523206751005
6 0.7935475614296351 0.6483544303797468 0.14936243484735656 0.05350210970464133
4 0.25240832092330606 0.7101099569586258 0.25900502606105724 0.052353925745195415
5 0.6080486783320922 0.7045569620253165 0.09221425912137005 0.046582278481012526
6 0.7869624906924796 0.7012236286919832 0.13693689501116893 0.055358649789029546
3 0.5052354802680565 0.5822784810126582 0.10703648548026813 0.04641350210970463
