0 0.42298722140332484 0.08968395359338598 0.42498596762934476 0.06093373165485707
1 0.45327818627450983 0.29406020220588236 0.15778186274509806 0.028722426470588203
2 0.4401233149509804 0.3233283547794118 0.13147212009803924 0.02521829044117646
3 0.40707337622549017 0.34670840992647056 0.06996783088235296 0.02142693014705882
7 0.6031901041666666 0.48388671875 0.12594946225484213 0.040250539779663086
8 0.591470738252004 0.518804520368576 0.14799416065216064 0.038741886615753174
4 0.2353515625 0.385498046875 0.15559895833333334 0.02587890625
5 0.4886067708333333 0.384521484375 0.055338541666666664 0.02978515625
6 0.6178385416666666 0.38330078125 0.09505208333333333 0.0322265625
4 0.2919921875 0.415771484375 0.2779947916666667 0.02587890625
5 0.4873046875 0.415283203125 0.057942708333333336 0.02880859375
6 0.6188151041666666 0.41455078125 0.09309895833333333 0.0322265625
