0 0.549452318158755 0.1315728023653159 0.5918076488993546 0.03479601986232377
1 0.5621103316271684 0.26377153268856357 0.2399434366493891 0.02402568455868863
2 0.543788528060154 0.2864739897323676 0.2032998295153602 0.022643585384406282
3 0.49917088866622444 0.30793374067740914 0.1140645507275011 0.021004027025070024
7 0.7850251671446781 0.4879264748071719 0.16815563228321542 0.023642092986427197
8 0.7702932542360216 0.5118260608833097 0.19839199576921426 0.024157079165848517
4 0.30424192628770813 0.34037963884324063 0.33732991103581383 0.02625889867882012
5 0.6261448792672772 0.3443969766677621 0.07327227310574522 0.02103187643772593
6 0.8017987228253799 0.34422734987959047 0.13035777883664654 0.026151408265383667
4 0.29344470967575975 0.36723660090782123 0.3141212939819031 0.025392710986279987
5 0.6261448792672772 0.3687150837988827 0.07826810990840966 0.024318107131120606
6 0.8017987228253799 0.36920270314938997 0.13035777883664654 0.026151408265383667
4 0.2656119900083264 0.39434768320736113 0.2531223980016653 0.02103187643772593
5 0.6290591174021649 0.3958264870193888 0.0791007493755204 0.02201774564574433
6 0.8043297252289758 0.39484061781137036 0.12822647793505412 0.02201774564574433
