0 0.48677248677248686 0.06541820624790055 0.15873015873015872 0.027712462210278805
1 0.5416666666666666 0.26610262008733626 0.2724867724867725 0.024563318777292575
2 0.5188407271740605 0.29355265367819955 0.22422330755664086 0.02588595901914678
3 0.46876271876271874 0.32215037509797334 0.12067562067562067 0.02709662971671705
7 0.8032412655139095 0.6093048362232192 0.24564252580915177 0.032578913926037116
8 0.7893693308350901 0.6411024868228029 0.27861168271019343 0.031172706570687773
4 0.22916697194336583 0.5447582594692447 0.29445542734136027 0.030074806713120905
5 0.6170634920634921 0.5469432314410481 0.08994708994708994 0.027838427947598252
6 0.8373015873015873 0.5468067685589519 0.15476190476190477 0.02974890829694323
4 0.3005746003811952 0.4561956480600948 0.44795471272140586 0.030379649333037665
5 0.6157407407407407 0.4568777292576419 0.082010582010582 0.024563318777292575
6 0.8297124792028356 0.4561955814278282 0.16233123294890872 0.03259363965696643
4 0.22784392291275912 0.36612991266375544 0.307752563839867 0.0314634897823417
5 0.6117724867724867 0.36722161572052403 0.08994708994708994 0.028657205240174673
6 0.8240740740740741 0.36722161572052403 0.15476190476190477 0.028657205240174673
4 0.1431878306878307 0.4859443231441048 0.12632275132275134 0.026473799126637554
5 0.6157407407407407 0.4870360262008734 0.0873015873015873 0.028657205240174673
6 0.828042328042328 0.48649017467248906 0.15508871734457672 0.032599236767364904
4 0.2043470781316202 0.5146016616488128 0.25017777195683233 0.030360925666109442
5 0.6170634920634921 0.5171943231441049 0.08994708994708994 0.028930131004366814
6 0.832010582010582 0.5171943231441049 0.14947089947089948 0.028930131004366814
4 0.19508601496459316 0.42603726782653006 0.24225883887558386 0.02789902999411504
5 0.6144179894179894 0.4265829694323144 0.08994708994708994 0.028930131004366814
6 0.8257452747809193 0.42548805136868006 0.15969590282944776 0.03178275828798786
