0 0.489429734157814 0.040721949157021334 0.14904074837482167 0.062364568468896986
1 0.5087971037471591 0.4017625918291845 0.2752021563342318 0.061175413561651036
2 0.4881850853548967 0.46283230273241377 0.24243433222345542 0.057422969187675116
3 0.4273320649014323 0.5180883674224407 0.12313831192854505 0.06106971090322926
7 0.7195364938428201 0.810826594788859 0.19408593626129697 0.07598435600655365
8 0.6860287511230907 0.8840362560118387 0.2611014217007557 0.07754875535119722
4 0.21764441625706885 0.6098805559959832 0.3945298874266688 0.06986417208392792
5 0.5564002959674436 0.6133528883251413 0.09331959198773851 0.06926166693092348
6 0.7586359071930658 0.6130516357486391 0.1602822260979864 0.06986417208392792
4 0.24641139474657792 0.6819697690396913 0.4511548015432589 0.06309920194492895
5 0.5494556313091274 0.6824982823318008 0.10086676179905928 0.06838433486602184
6 0.7429358800151473 0.6825431196717706 0.17476985510632614 0.07252276652295644
