0 0.4069103745363168 0.15150664585879856 0.6492640899844442 0.043225997396969716
1 0.5074210814321036 0.46474396689951586 0.22295485316084332 0.044946197449950515
2 0.49539052909960424 0.5072343718241756 0.1910203785294707 0.04203671148924838
3 0.462984942986637 0.5522191991841363 0.10700119525715512 0.044560136072372254
7 0.7659626660284791 0.7697926584153177 0.1765346416178055 0.05931450333227549
8 0.7530812492521238 0.8247646249867766 0.22496111044633238 0.055008991854437674
4 0.3143652028239799 0.6239942351510432 0.33178173985880083 0.04609806307356126
5 0.603200909417255 0.6757695969533482 0.0891587890391287 0.05468105363376701
6 0.7564137848510231 0.6220935152861525 0.12735431374895304 0.05201523325928267
4 0.2989103818718059 0.67816807330317 0.2866086062708345 0.05456951167563011
5 0.5963084839057077 0.6210673860150216 0.08858442024649989 0.04983603088966467
6 0.763725020940529 0.6746271025071406 0.13187746799090563 0.0611975034380618
