0 0.5523776908715566 0.07446258701384068 0.5293592015902201 0.035711269825696945
2 0.7566944067028986 0.24038298233695649 0.1928498641304346 0.03307574728260873
3 0.2692057291666667 0.271728515625 0.19856770833333334 0.02978515625
7 0.8310777346293131 0.9328676760196686 0.12467368443806966 0.042707622051239014
8 0.8228907585144043 0.968011885881424 0.1394791603088379 0.037728726863861084
4 0.3310546875 0.478759765625 0.330078125 0.02685546875
5 0.6389973958333334 0.47802734375 0.046223958333333336 0.0341796875
6 0.8053385416666666 0.4765625 0.11869541803995769 0.03825563192367554
4 0.32262251277764636 0.8625515699386597 0.3510933419068654 0.036725759506225586
5 0.658104053442029 0.8628141983695652 0.07300158514492756 0.038637907608695676
6 0.836135643115942 0.8662109375 0.10756340579710155 0.04033627717391308
4 0.3271166533231735 0.5693356394767761 0.33795419335365295 0.03327012062072754
5 0.6435546875 0.56884765625 0.048828125 0.0322265625
6 0.8111979166666666 0.56884765625 0.1171875 0.0341796875
1 0.2593976449275363 0.24312160326086957 0.1854053442028986 0.03184442934782608
4 0.33299365942028997 0.39013671875 0.3467504528985508 0.03078294836956519
5 0.6365772192028986 0.38801375679347827 0.0566123188405796 0.03715183423913043
6 0.8000452898550726 0.3869522758152174 0.12030117753623178 0.03715183423913043
4 0.29407269021739135 0.6655910326086957 0.28589221014492744 0.031844429347826164
5 0.6429461050724639 0.6639988111413044 0.05802762681159431 0.03502887228260876
6 0.8170289855072465 0.6645295516304348 0.12596240942028972 0.04033627717391308
4 0.3209635416666667 0.7637780230978262 0.3509963768115942 0.03502887228260876
5 0.6471920289855073 0.7632472826086957 0.055197010869565334 0.03821331521739135
6 0.821982563405797 0.7653702445652174 0.12171648550724641 0.03821331521739135
