0 0.5028791723599453 0.08140379721846829 0.4444986661461383 0.0314668315483609
1 0.28526043529558226 0.26288265384915616 0.327976103837881 0.026033649521804925
2 0.8007953289351697 0.2674062305845284 0.20889528015444359 0.024746226507454915
3 0.25202786030132723 0.28369950245850534 0.27211709480498425 0.02455669313020595
7 0.793561715140868 0.4218805660805078 0.20407964083544783 0.022814857994106038
8 0.7798002472509595 0.44237564142752756 0.23941050165918418 0.024572205599881786
4 0.31760361767193707 0.32179135160397676 0.4090376732383369 0.02350496154802946
5 0.6063992452339124 0.3247109686194501 0.06308152775066683 0.026733378671589127
6 0.8374162274708827 0.32773891641568703 0.13979439130717686 0.027154376760905506
4 0.23257856724575446 0.3600990964733314 0.23553907215824058 0.02072605978172865
5 0.6028043464116077 0.3633375433142265 0.05465547530743697 0.019430681045370622
6 0.8363914373088684 0.3659283007869426 0.1314334049059796 0.02202143851808676
4 0.3165137614678899 0.381472845623239 0.3956015355585919 0.02331681725444474
5 0.604105667252261 0.38309206904368664 0.05725811698874363 0.021373749149907747
6 0.8396447394105016 0.3869782052527608 0.13013208406532636 0.02007837041354968
