0 0.48553769333820485 0.11680353426941587 0.24662038728534885 0.015098104859620456
1 0.24650621118012422 0.22288249079343822 0.15527950310559005 0.016237027117509205
2 0.7127329192546584 0.22028791429527955 0.17468944099378883 0.019417475728155338
3 0.26079218486876277 0.24022673359127011 0.1908609948817522 0.017990406889053942
7 0.7560170807453416 0.3634917977904252 0.08812111801242237 0.016237027117509205
8 0.7514377731769035 0.37972882490793436 0.10015527950310558 0.017241379310344827
4 0.296972049689441 0.33336123200535656 0.2562111801242236 0.016237027117509205
5 0.5986024844720497 0.3327753598928691 0.04736024844720497 0.019417475728155338
6 0.7571816770186336 0.33126883160361564 0.09045031055900621 0.02042182792099096
4 0.3111413043478261 0.2859892869099431 0.28998447204968947 0.015232674924673586
5 0.6009316770186336 0.28439906260462 0.04736024844720497 0.02042182792099096
6 0.7571816770186336 0.2833947104117844 0.09045031055900621 0.02042182792099096
