0 0.4603449446023471 0.12361609414727576 0.24905337410954295 0.0313862485599424
1 0.27196053469127945 0.3463035019455253 0.3045830681094844 0.01964054104131925
2 0.7932845321451305 0.339633129516398 0.20862352552116487 0.029736391455901425
3 0.2434754981727527 0.3713173872456631 0.25912426050721576 0.025967773075609133
7 0.8107971541066598 0.8098944310062303 0.19832812624323679 0.02188200258824347
8 0.7692552320066339 0.8265703168426903 0.26992290844058325 0.0218772075342783
4 0.30966708585762204 0.48434310836749583 0.3877006059691528 0.023003140488929034
5 0.6112348822406111 0.48230498425050955 0.06779121578612349 0.02260515100982027
6 0.85471037555697 0.4807300352047434 0.11362189688096754 0.023902167871039465
4 0.3098345051746623 0.5780989438576987 0.40266604942550027 0.02708725984922179
5 0.6066199872692553 0.5766166388734482 0.047103755569700825 0.02371687974800815
6 0.8621896880967537 0.5755049101352603 0.11330362826225335 0.02371687974800815
4 0.2996497491148154 0.6020007046015148 0.38232017823042647 0.029320940742542153
5 0.6066199872692553 0.5999629423753937 0.047103755569700825 0.024828608486196033
6 0.8648949713558243 0.6010746711135816 0.11171228516868237 0.024828608486196033
4 0.3033099887782339 0.5307578284231981 0.3826148350628829 0.026153400471326662
5 0.602959898154042 0.5291828793774319 0.043602800763844686 0.020752269779507133
6 0.8483450031826862 0.528627015008338 0.13017186505410566 0.02371687974800815
4 0.2991579820533244 0.4616125588220093 0.3763059209635693 0.026979604018479108
5 0.6002546148949713 0.4583101723179544 0.049013367281986 0.02464332036316472
6 0.8310056573490213 0.45515936949925884 0.1547674401257161 0.027289556842921992
