0 0.5272859568275527 0.12643610647745696 0.3557280297517988 0.05873646124568288
1 0.6846151997272233 0.22906297432273648 0.17450519074174695 0.04196109202163374
3 0.6436913112727043 0.2972446050856705 0.08855722707865148 0.03351320193933422
7 0.6461656847847473 0.5769889200644638 0.07350257011843489 0.03632829430708472
8 0.6657361818483686 0.6205007763136134 0.11318767349301156 0.03388508600256899
2 0.6485568760611206 0.2638794257923549 0.09095318942517583 0.031326112664364233
4 0.2933341418061282 0.42560048242213505 0.05356132266149245 0.032109265480973245
4 0.3276942355889724 0.46554127606919943 0.12632387420163307 0.0383744880138461
4 0.3448742824803946 0.5058736461245682 0.15259924003557276 0.03759133519723704
5 0.5096006144393241 0.42716678805535324 0.08387905246988439 0.03367557111419152
5 0.5116217964265503 0.46554127606919943 0.08387905246988439 0.03210926548097333
5 0.5116217964265503 0.5015663056332182 0.08185787048265818 0.03367557111419152
6 0.6413289535198446 0.4306909757300941 0.06770959657207543 0.029759807031145998
6 0.6490621715579271 0.4671075817024176 0.057603686635944666 0.028976654214536858
6 0.6505780580483467 0.5011747292249137 0.050529549680653235 0.032892418297582465
