0 0.5408939014202173 0.06671957671957672 0.7385964912280701 0.04751322751322749
1 0.5753132832080201 0.40285714285714286 0.30551378446115274 0.04613756613756613
2 0.546157059314954 0.451058201058201 0.256892230576441 0.04285714285714284
3 0.487593984962406 0.5008465608465608 0.14678362573099418 0.04910052910052912
7 0.8318020265303558 0.9276931940310846 0.20690555429100083 0.044084511408730126
8 0.8010442773600668 0.9636040775359623 0.25839598997493723 0.04422041635664679
4 0.20789473684210527 0.5747619047619047 0.3285714285714287 0.04518518518518514
5 0.6453216374269004 0.5763492063492064 0.10200501253132836 0.04624338624338621
6 0.8805304187083104 0.5748300413101439 0.1729408334271551 0.04928171632151122
4 0.18876357560568083 0.6229629629629629 0.2799498746867168 0.04190476190476198
5 0.645405179615706 0.624021164021164 0.10852130325814532 0.03978835978835984
6 0.8943191311612363 0.6253968253968254 0.14870509607351712 0.047619047619047526
4 0.20722639933166248 0.6705291005291004 0.31654135338345857 0.04624338624338621
5 0.6435342009503738 0.6719645198438532 0.10557988548438159 0.047605351846684824
6 0.8934837092731829 0.6735449735449734 0.14703425229741016 0.04656084656084659
4 0.17063492063492064 0.7171297991717303 0.24603174603174613 0.046163682079819766
5 0.6445697577276525 0.7182010582010583 0.11687552213867988 0.046137566137566005
6 0.8807194007867162 0.7193115815662203 0.1725628692703437 0.04603292152364411
4 0.24018379281537175 0.762962962962963 0.35421888053466993 0.04550264550264552
5 0.6453634085213033 0.7634920634920634 0.10192147034252294 0.042328042328042305
6 0.8801169590643274 0.7656084656084656 0.1604010025062656 0.040211640211640164
4 0.22013366750208857 0.8460317460317459 0.3074352548036758 0.044444444444444446
5 0.6453634085213033 0.8507936507936508 0.10192147034252294 0.041269841269841234
6 0.8742690058479531 0.8555555555555555 0.16207184628237234 0.044444444444444446
