0 0.47696482817201513 0.1676228683934752 0.34984667213752 0.0529262948418033
1 0.5123778056119438 0.5084443903420097 0.2939791819634604 0.05287866117644574
2 0.48395096387797126 0.5603174519164611 0.24864308440950766 0.052889246435414025
7 0.7685037216199485 0.8710133268410412 0.22747232180135019 0.05821892432598357
8 0.757389899599993 0.9307766432932295 0.2583381552767555 0.06148129545459061
4 0.1922141119221411 0.6967799642218246 0.35036496350364965 0.0626118067978533
5 0.5754257907542579 0.6976744186046512 0.10948905109489052 0.06440071556350627
6 0.7992650238556873 0.6968500345465536 0.18338094372528893 0.07045362332639199
4 0.15450121654501217 0.7522361359570662 0.2846715328467153 0.0626118067978533
5 0.5754257907542579 0.7540250447227191 0.11435523114355231 0.06976744186046512
6 0.8004866180048662 0.7549194991055456 0.18004866180048662 0.06440071556350627
3 0.42657538979829834 0.6143207968582951 0.1281331432931657 0.05292629484180333
