0 0.5732162994630804 0.1557174119675501 0.3467254641240134 0.03205199053913659
1 0.2531180044771346 0.34470810583788325 0.18598308020366966 0.03435205221676817
2 0.7782219379597057 0.35310793784124317 0.19736681024144548 0.029650781496088827
3 0.2694211202877034 0.37505263993841215 0.2153610849212754 0.03410660424486823
7 0.8105273109161492 0.6149062371424802 0.10769110211649568 0.032707729856411384
8 0.8046903123277145 0.641432492949928 0.11548879225108431 0.03056329098915173
4 0.2643613350613502 0.4867371073631158 0.21039166512379437 0.0331572315922103
5 0.6464325989261609 0.48507924578350536 0.05217713295070102 0.032051990539136564
6 0.8122212310437109 0.48839496894272644 0.1211855991113057 0.03426247264528393
4 0.21050106878965882 0.5740511505559363 0.11613619914833453 0.0331572315922103
5 0.6439078989446754 0.5596830168659784 0.06395906619763352 0.03536771369835757
6 0.8139043643647013 0.5657618426578837 0.10772053254338276 0.036472954751431294
