0 0.46126935459348556 0.20245137732119137 0.23391454495305072 0.02667723325673413
2 0.6519063706563707 0.33125 0.1456482640564672 0.029627791694972826
3 0.2791988416988417 0.36096014492753625 0.15444015444015444 0.023731884057971015
7 0.6988416988416989 0.5327898550724638 0.07046332046332046 0.021739130434782608
8 0.6953426640926641 0.5557065217391305 0.08614864864864864 0.023731884057971015
4 0.2720801158301158 0.4953804347826087 0.1344111969111969 0.023731884057971015
5 0.5646718146718147 0.4901268115942029 0.032335907335907334 0.021557971014492753
6 0.6966698841698842 0.4875 0.0719111969111969 0.02463768115942029
1 0.26926970524531496 0.3386797454931071 0.14066767115547602 0.02253446447507951
4 0.2630897447970619 0.4509102156238954 0.12477634428853943 0.023418168964298377
5 0.5611992654675582 0.44649169317780124 0.041788303983425895 0.021650759985860725
6 0.6892127318956587 0.44516613644397307 0.08710801393728224 0.02430187345351712
