0 0.48930021868166196 0.2800596601598881 0.4550140581068416 0.03328142475739256
1 0.41337780414689745 0.587407248650795 0.1844908771794947 0.029549526115121075
2 0.3717928799715909 0.6141196307252861 0.09771383393373165 0.029344559730907396
3 0.34887535145267107 0.6427621075039914 0.05857544517338332 0.03166577967003725
7 0.8195012815666735 0.9397201659896388 0.10201586860673423 0.027425021932377596
8 0.8123941370860669 0.9651412598435837 0.10726750429553264 0.031510836777374936
4 0.2909247110278038 0.8217136774880256 0.29194001874414244 0.02927088877062267
5 0.5054670415495158 0.8250399148483236 0.05828180524640737 0.028639033603312932
6 0.8136519837550765 0.8302288451303885 0.10724447072203999 0.03254346456725652
4 0.24398625429553264 0.8661522086216072 0.19810093525460792 0.02664381091172166
5 0.5067248119484146 0.8740057343812367 0.05900911702397688 0.03137973625016631
6 0.8130271790065604 0.8791910590739755 0.10852824922875663 0.03257360859333422
