0 0.5715665310064151 0.15417644194590766 0.3207560184865833 0.04315878004515073
1 0.2524506805139944 0.3161274466422348 0.19338354308202102 0.042939105086009774
2 0.7698230668414154 0.3380992430613961 0.19178621984559305 0.03075946008988646
3 0.26720184486159176 0.34629941126997477 0.22612475473946386 0.044805400004599455
7 0.8296199213630406 0.5723296888141295 0.09370904325032765 0.028174936921783012
8 0.8247051114023591 0.5999789739276703 0.10353866317169069 0.02502102607232969
4 0.19331585845347313 0.5218671152228763 0.10353866317169069 0.029015979814970564
5 0.6554718217562254 0.5182926829268293 0.04750982961992136 0.030277544154751892
6 0.8263433813892529 0.5182926829268293 0.09370904325032765 0.028174936921783012
4 0.33224116334127723 0.4343986543313709 0.3632017963054452 0.03836673001866064
5 0.6538335517693316 0.44007569386038686 0.040956749672346006 0.02607232968881413
6 0.8132372214941023 0.44112699747687134 0.11009174311926606 0.028174936921783012
