0 0.5470270001985309 0.06793118950653197 0.2265733571570379 0.024792404929391238
1 0.565950478527932 0.17317203197059802 0.09094317507728814 0.025293199412070703
2 0.5434268478476664 0.1959093681659197 0.04630592312539376 0.021183061943931526
3 0.5406179057582584 0.21788571520554845 0.04036434730818041 0.02239221268405309
7 0.8306584381250944 0.8652031504509532 0.056074428097637324 0.02956795907235375
8 0.8312623470877678 0.8921886625744048 0.06573617538968152 0.030294489523005074
4 0.5260914899300838 0.6619208788779711 0.18732790739639946 0.0280063584964708
5 0.6698369565217391 0.6611969111969112 0.03097826086956522 0.02364864864864865
6 0.797463768115942 0.6597490347490348 0.059057971014492755 0.026544401544401543
4 0.5083333333333333 0.6875 0.15181159420289855 0.02800983443683639
5 0.6723731884057971 0.6860521235521235 0.034239130434782605 0.025096525096525095
6 0.8030797101449275 0.684604247104247 0.05181159420289855 0.027992277992277992
4 0.4588768115942029 0.6143822393822393 0.04855072463768116 0.02364864864864865
5 0.6682065217391304 0.6122104247104247 0.03206521739130435 0.025096525096525095
6 0.8 0.6107625482625483 0.05181159420289855 0.027992277992277992
4 0.4989130434782609 0.6377895752895753 0.1311774654664855 0.02801242666354971
5 0.66875 0.6363416988416989 0.03097826086956522 0.025096525096525095
6 0.8010869565217391 0.6348938223938224 0.05181159420289855 0.027992277992277992
