0 0.5035534859550822 0.13325153528040953 0.5528800496696402 0.033574328366373085
1 0.23363315264854623 0.309290125995881 0.18131311002623446 0.031841412892101024
2 0.7620671763376332 0.3068468340186708 0.19586490702269027 0.033207411976967104
3 0.25066627183891027 0.3406312513891976 0.2146875925377554 0.027339408757501668
7 0.8381762991722498 0.9129807709004779 0.10049679761530204 0.030976284660480108
8 0.8266149356515583 0.9395419576746221 0.11769609617911608 0.032103596806234716
4 0.2669529213084954 0.5577906201378084 0.2704107834101782 0.030487894879417648
5 0.6412496298489784 0.5536785952433875 0.0441220017767249 0.03245165592353856
6 0.8181818181818182 0.5546788175150034 0.11667160201362156 0.03222938430762392
4 0.24785311955617736 0.8505223382973994 0.22991266496300802 0.035429639746332516
5 0.649096831507255 0.8563014003111803 0.04560260586319218 0.031340297843965324
6 0.8409831211134142 0.8568570793509669 0.10245780278353568 0.03245165592353856
4 0.3138880572941729 0.46199155367859523 0.3471129702363877 0.028710915793787508
5 0.6378442404501037 0.45932429428761945 0.042641397690257626 0.031340297843965324
6 0.8110749185667753 0.45876861524783286 0.113710393840687 0.03245165592353856
4 0.2386735323656583 0.7546113491800261 0.2138775076285812 0.030721290929234275
5 0.6477642878294344 0.7592798399644365 0.048267693218833285 0.03556345854634363
6 0.8402428190701806 0.7582796176928206 0.10097719869706841 0.033563014003111805
4 0.26803869312012635 0.6577070036727738 0.2904804207735804 0.03175308798780677
5 0.6410099129968837 0.6545316948739932 0.060634262588659935 0.03598683305284773
6 0.8313732955426767 0.6550609130071233 0.10857763300760026 0.03492839678658754
