0 0.48935875425438996 0.17276205190457797 0.5802716785638987 0.02968971288785891
1 0.5172603153219454 0.3797148501354029 0.21343090443082469 0.030907932351587033
2 0.49628080535389557 0.41080700270697973 0.1787005824255105 0.031292314744644216
3 0.4571202674618234 0.4433344369033825 0.09676515767597366 0.03013298019091759
7 0.7326375711574953 0.6374275782155272 0.1614407910341556 0.040650573942641946
8 0.7202971659303843 0.6764763011026217 0.18913745626778938 0.03947502127389919
4 0.23434544369663188 0.5297809127860661 0.20916991260970114 0.032953269843568944
5 0.574573055028463 0.526071842410197 0.0698292220113852 0.031517960602549244
6 0.74573055028463 0.5254924681344149 0.11992409867172675 0.03267670915411356
4 0.26736243463331655 0.5645422943221321 0.28285149532658327 0.03621519227983778
5 0.5764705882352941 0.5609501738122827 0.0698292220113852 0.03267670915411356
6 0.7481973202902633 0.560486674391657 0.12651344024252847 0.03647047907010429
