0 0.3925986951827475 0.17951420339597965 0.4620238429717939 0.02550639318185074
1 0.4033650580992274 0.2779090108774722 0.1885680158165644 0.019373863295625696
2 0.3563464977557763 0.2981055550062709 0.0985605896627858 0.02123069442962952
3 0.5987392276845988 0.3157625554530192 0.08261853745037843 0.022236799679790076
7 0.7876466321283152 0.7729338970195566 0.1421533776755518 0.023240739248796896
8 0.7637949665486494 0.793753658992278 0.16144722286345228 0.025640040712163623
4 0.30971875569284835 0.7114515812217639 0.2820671736111884 0.025211847500491064
5 0.6019935920256319 0.7098801807110587 0.06407974368102527 0.019642506383814574
6 0.7847899304203565 0.7098790777382882 0.14078279184930134 0.02444993309271263
4 0.3013423595109331 0.6509524937159326 0.26176187006677754 0.023239780142039874
5 0.5873976504093984 0.6489884109212335 0.042007831968672124 0.02082105676684345
6 0.7913848344606622 0.6494794735808289 0.11961552153791385 0.01983893144765272
4 0.30971876655706265 0.591632292280495 0.27416043741586754 0.020849350416175604
5 0.5845496618013528 0.5900608917697898 0.044143823424706304 0.019642506383814574
6 0.7876468494126023 0.5890787664505991 0.11925952296190816 0.019642506383814574
4 0.30597128075354885 0.6708902850925653 0.2710498498826317 0.025412204902033
5 0.5891776432894268 0.6687291298369672 0.042007831968672124 0.020624631703005304
6 0.7913940473144357 0.6687289859709536 0.1240145723010858 0.02344958474513848
4 0.3079386704669978 0.6108813011395723 0.27415786259706526 0.022029291504002162
5 0.5955856176575294 0.6094087605578472 0.05838376646493414 0.018660381064623845
6 0.7969028123887505 0.6094087605578472 0.10074759700961196 0.020624631703005304
4 0.310609040034543 0.6917115097030913 0.2802864311003693 0.0254100469118297
5 0.5900676397294411 0.6890591239442153 0.043787824848700606 0.019642506383814574
6 0.7931553102889151 0.6896500056395477 0.1240155283519491 0.023250234405691416
4 0.3015307993089317 0.6312119426438814 0.26138107935361227 0.02302748186137301
5 0.5882876468494126 0.6297387546650952 0.043787824848700606 0.019642506383814574
6 0.7913848344606622 0.6297387546650952 0.11961552153791385 0.019642506383814574
