0 0.47687419562419564 0.33771135265700486 0.5509974259974261 0.0384963768115942
1 0.406625138900148 0.577342983374849 0.1465309319809136 0.02118963711503623
2 0.3779178408275394 0.600234321925951 0.0812782179588209 0.02220647692104474
3 0.3589035191284337 0.6223881081106581 0.04892397847414926 0.023188759624094203
7 0.7841643992538158 0.8953742870386096 0.08924842156958857 0.02673330998075181
8 0.7790379665379665 0.9189613526570048 0.10003402886703668 0.028534908571105074
4 0.2627895752895753 0.7615036231884058 0.17277992277992277 0.022644927536231884
5 0.4950530888030888 0.7583333333333333 0.04946911196911197 0.02282608695652174
6 0.7655646718146718 0.7557065217391304 0.09628378378378379 0.023731884057971015
4 0.2520511583011583 0.8005434782608696 0.1430984555984556 0.01956521739130435
5 0.4971042471042471 0.7994565217391304 0.05067567567567568 0.021739130434782608
6 0.777027027027027 0.7989130434782609 0.08204633204633205 0.02463768115942029
4 0.23793437029864337 0.8416666666666667 0.1183262975979956 0.025048474298007245
5 0.4985521235521235 0.8422101449275362 0.05357142857142857 0.02572463768115942
6 0.7798021235521235 0.8426630434782608 0.08180501930501931 0.024818840579710146
