0 0.4574062238606714 0.1724188031522259 0.5872122250350371 0.02808568814588401
1 0.2947647994761053 0.43377140402280256 0.25702158543681175 0.02552417197789674
2 0.7130791505791506 0.43278985507246376 0.16461476211842424 0.02612189693727355
3 0.2699082937940207 0.4577898550724638 0.21311875567933308 0.026113758916440216
7 0.7209218146718147 0.7245471014492754 0.1599903474903475 0.023731884057971015
8 0.7045081886085304 0.7494566101958786 0.19624770470107383 0.030479541723278984
4 0.3159700695471761 0.5295768914694746 0.3111361418197666 0.021927298142131936
5 0.5561052123552124 0.5291666666666667 0.03788610038610039 0.02463768115942029
6 0.7456563706563707 0.5297101449275362 0.10183397683397684 0.02355072463768116
4 0.3159937692885233 0.6740036010742188 0.30529200432383413 0.02483604541723279
5 0.5597249034749034 0.6733695652173913 0.03933397683397683 0.02572463768115942
6 0.7492760617760618 0.675 0.10673929457498793 0.03158012058423913
