0 0.32563208369659985 0.17003208515053123 0.4781055769609359 0.030099841815724927
1 0.3643839462536849 0.28783094479943677 0.19010259087924244 0.025621943370486493
2 0.31816240757989595 0.31174920455480915 0.09970153376978284 0.023282081923403888
3 0.30847847615287916 0.33659583631905154 0.08395363570160379 0.02653038414172618
7 0.8593434625086276 0.4786593126876737 0.11122687865536908 0.03349243915338992
8 0.8523740671429999 0.5052611650349911 0.13091719964672333 0.03184947017073655
4 0.16492928435933413 0.40837865711702154 0.18061180746648867 0.029873806875992653
5 0.5562336530078466 0.40937065713718485 0.05928509154315606 0.022632519356759976
6 0.8116826503923278 0.4047051695383847 0.12452945637169427 0.028875796643897656
4 0.24687591481783888 0.43329362715902325 0.3473514334055893 0.03160450556506849
5 0.5571054925893636 0.4338892197736748 0.06393490264458006 0.02600754417311892
6 0.8116771162543592 0.42971992606276055 0.1280524318421244 0.03327272713172523
