0 0.48877215361475346 0.12111615024955288 0.7029414549145467 0.031599797415046954
1 0.2918004174927371 0.2911566339922535 0.2995459372873482 0.021745602522733148
2 0.7812395309882747 0.2906395449060507 0.1917160673157454 0.022794132005796414
3 0.2656616313173943 0.3108946733321841 0.2479970858524393 0.02400814346395018
7 0.7639518772480332 0.8864730942806197 0.21629342186191375 0.023542101635032002
8 0.7463833274211459 0.9064196364600776 0.2538234384814696 0.02797635000200084
4 0.21675041876046902 0.7234097569384589 0.13668341708542714 0.019479400103430442
5 0.6041876046901172 0.7223754525081882 0.04924623115577889 0.019479400103430442
6 0.8103852596314908 0.7218583002930529 0.13747415462730317 0.022986843593776934
4 0.21775544388609716 0.7432339251853128 0.13467336683417086 0.019479400103430442
5 0.6041876046901172 0.7411653163247716 0.04522613065326633 0.02154800896397173
6 0.8093879635809255 0.7400448619446001 0.1354196928653685 0.021750779095199103
4 0.32814070351758795 0.5520599896569557 0.35544388609715244 0.016376486812618513
5 0.6 0.5525771418720911 0.04489112227805695 0.02154800896397173
6 0.816750418760469 0.5530942940872263 0.11993299832495813 0.020513704533701087
4 0.3239530988274707 0.4979313911394587 0.34706867671691793 0.016376486812618513
5 0.6083752093802345 0.4974142389243234 0.06566164154103853 0.02154800896397173
6 0.816750418760469 0.4968970867091881 0.11993299832495813 0.020513704533701087
4 0.31155778894472363 0.4426822961558352 0.32629815745393637 0.01620410274090674
5 0.6010050251256281 0.44276848819169107 0.04690117252931323 0.020513704533701087
6 0.8177554438860971 0.44113083951042925 0.12194304857621441 0.01930701603171867
4 0.21775544388609716 0.7620237890018963 0.13467336683417086 0.019479400103430442
5 0.6030150753768844 0.7609894845716256 0.04288107202680067 0.02154800896397173
6 0.8093802345058626 0.7588346836752284 0.13619268216080402 0.024223833983364938
4 0.3271356835037819 0.3859679365626616 0.3702165510985919 0.02174076263790726
5 0.6072026800670016 0.3864850887777969 0.07033474664991625 0.0256694865378814
6 0.8271356783919598 0.3843302878813998 0.10318257956448912 0.020513704533701087
4 0.25946398659966496 0.7047060851577315 0.22613065326633167 0.01930701603171867
5 0.6020100502512563 0.7035855886916049 0.04489112227805695 0.02154800896397173
6 0.8177554438860971 0.7030684364764695 0.11792294807370184 0.020513704533701087
4 0.31457285409796376 0.6276504051025685 0.33705067083464196 0.021742866935657645
5 0.6010050251256281 0.626529908636442 0.04288107202680067 0.019479400103430442
6 0.807202884539887 0.6270459876597246 0.13981978577784757 0.02298789574265213
4 0.321775554612254 0.5156007584899155 0.3474428416496545 0.01863919609765558
5 0.6010050251256281 0.5156869505257714 0.04690117252931323 0.020513704533701087
6 0.8155778894472362 0.5150836062747802 0.12227805695142378 0.01930701603171867
4 0.3271356783919598 0.46035126368971946 0.3574539363484087 0.02052435228031805
5 0.6010050251256281 0.4609550077572832 0.04690117252931323 0.01930701603171867
6 0.816750418760469 0.46035166350629203 0.11993299832495813 0.020513704533701087
4 0.3249581239530988 0.781244612997759 0.35309882747068677 0.01620410274090674
5 0.6030150753768844 0.7802103085674884 0.04288107202680067 0.02034132046198931
6 0.8175799652559673 0.7776230744833865 0.11981972034652429 0.024588550869462163
4 0.3271356681683155 0.4051887605585244 0.36619664484532033 0.02052321595953284
5 0.6 0.4057059127736597 0.04489112227805695 0.02154800896397173
6 0.8167575753114531 0.4031189943342204 0.12469484466603853 0.022962644169647474
4 0.3291458002087259 0.589640117106695 0.36619680842362856 0.020524015592677986
5 0.6 0.5891225650749871 0.04489112227805695 0.019479400103430442
6 0.8083752093802345 0.5906740217203931 0.13668341708542714 0.020513704533701087
4 0.325963149078727 0.5343906223064989 0.3510887772194305 0.01620410274090674
5 0.5989949748743718 0.5338734700913635 0.04690117252931323 0.01930701603171867
6 0.814572864321608 0.5333563178762283 0.12507802685301508 0.02317025418570074
