1 0.31286660685943 0.09631429071016412 0.3524601476778691 0.018022631329153462
2 0.7622403334439332 0.09425349087003222 0.19002186579944827 0.022068721608709273
3 0.29130458387089453 0.14627129047107565 0.3164320473147429 0.020599856924677765
7 0.7684913205110001 0.8570421402377916 0.22393300119927972 0.019842372892530886
8 0.7457432959129265 0.8770908170158336 0.2594294788575668 0.025126379704842463
4 0.3044907183769236 0.49060358537539867 0.3312573321371886 0.01796018284914944
5 0.5905044510385756 0.4895273899033298 0.050445103857566766 0.02058718224131758
6 0.8047106824925816 0.48755818116720373 0.12203264094955489 0.02058718224131758
4 0.32045752536056865 0.7722753728174255 0.3804085294320613 0.020816160001332223
5 0.6071958456973294 0.7697815968492661 0.06602373887240356 0.022556390977443608
6 0.8258531157270029 0.768796992481203 0.10200296735905044 0.02058718224131758
4 0.31138723469629487 0.6625492302184032 0.35949554216967844 0.022949568396437522
5 0.6038575667655787 0.6614751163623344 0.06379821958456973 0.02040816326530612
6 0.8136127596439169 0.6614751163623344 0.12203264094955489 0.02040816326530612
4 0.3125001018761881 0.5583606669435867 0.3475912982702963 0.0207902394099087
5 0.5916172106824926 0.5572860723236663 0.04821958456973294 0.02040816326530612
6 0.8058234421364985 0.5552273540995345 0.12425816023738873 0.02058718224131758
4 0.31830101442274517 0.7370960624151742 0.3795459250569319 0.018734544001199067
5 0.5971810089020771 0.7333512352309345 0.050445103857566766 0.02058718224131758
6 0.8158382789317508 0.7333512352309345 0.11758160237388723 0.02058718224131758
4 0.3161445034849217 0.6280193840081933 0.37350769443102616 0.020399836801305592
5 0.5927299703264095 0.6254923021840315 0.04599406528189911 0.021482277121374866
6 0.8113872403560831 0.6260293591120659 0.12203264094955489 0.02040816326530612
4 0.3024851632047478 0.5238990332975295 0.33201069364915614 0.020599245043412102
5 0.5905044510385756 0.5229144289294665 0.050445103857566766 0.02040816326530612
6 0.8069362017804155 0.5219298245614035 0.12203264094955489 0.02058718224131758
4 0.31250001131957644 0.8078231292517006 0.35649120206295204 0.021683848292606517
5 0.598293768545994 0.8062119584675975 0.04821958456973294 0.02058718224131758
6 0.8180637755804316 0.8036161833154314 0.12287957165998238 0.021878951004744004
4 0.32218273411082743 0.7002514592128162 0.3769581119315437 0.01998351360127896
5 0.5971810089020771 0.6974579305406373 0.050445103857566766 0.023630504833512353
6 0.8136130539529047 0.6973670006139792 0.12371368860986183 0.024246800385450233
4 0.32079995847473924 0.5929134932593372 0.36419678445139103 0.019004027894435085
5 0.5916172106824926 0.5911206587898318 0.04821958456973294 0.021482277121374866
6 0.8191765578635015 0.5916577157178661 0.1064540059347181 0.02040816326530612
