0 0.4855591728354956 0.1405402747596129 0.6681849064368564 0.03181920292185244
1 0.5217782324896483 0.3170956491682919 0.22348192443180895 0.026726115855763812
2 0.5024018851823051 0.3445892032069277 0.1872995935235871 0.025545640288014444
3 0.4599087520884206 0.37271340490445126 0.10488369104228243 0.023073388054176212
7 0.7396414342629483 0.6015037593984962 0.1541832669322709 0.02809655718242976
8 0.7280876494023905 0.6327661258409181 0.1852589641434263 0.02809655718242976
4 0.31972089668669074 0.5442218184235259 0.3487123284206922 0.02834533522333795
5 0.5854581673306772 0.5427384250098931 0.07051792828685259 0.026909378709932725
6 0.7553784860557768 0.5411555203798971 0.12270916334661354 0.02809655718242976
4 0.24063745019920318 0.44944598337950137 0.2103585657370518 0.023941432528690146
5 0.5832669322709163 0.44578551642263553 0.07091633466135458 0.026909378709932725
6 0.7541832669322709 0.444796201028888 0.12031872509960159 0.02888800949742778
4 0.2635458167330677 0.482785912148793 0.2394422310756972 0.02374356944994064
5 0.5854581673306772 0.48021369212504944 0.07051792828685259 0.026909378709932725
6 0.7647410358565737 0.4791254451919272 0.10398406374501992 0.029085872576177285
