0 0.48832475906052697 0.16044502633235921 0.34682768798785885 0.03810431832043317
2 0.7526261125586681 0.337806310442116 0.19877821944242868 0.02952638501298791
7 0.8099809721501471 0.6107413647851728 0.09790693651617359 0.03181690536366184
8 0.803347166754593 0.638224002759934 0.11982356996772162 0.030769068335790482
4 0.1965490359992763 0.4791912384161752 0.19963628019640714 0.03140072135636057
5 0.621691748832382 0.47396798652064026 0.04203425012973534 0.02662173546756529
6 0.7985210171250648 0.47236731255265374 0.11598339387649195 0.02780117944397641
5 0.6224701608718215 0.5531592249368155 0.043591074208614425 0.02662173546756529
6 0.8009859885832901 0.5541701769165964 0.12204649390243902 0.031393975094776747
4 0.21025774087528112 0.5710474585790509 0.22141498010724792 0.03931479921370404
1 0.21155509427434704 0.3351586632968267 0.16865594187856775 0.033698399326031976
3 0.22798823732918183 0.3666105026677899 0.21363085971285245 0.03482167930356639
