0 0.45044711032228063 0.10867178111735458 0.41845558005319106 0.020648567847945887
1 0.385877813460863 0.18532270947083654 0.15598273934374618 0.017249898665705532
2 0.34932985125646254 0.2015487302064682 0.08300138265479193 0.01644408567188382
3 0.34096299134849206 0.21683694794564648 0.0717628571541415 0.017513878670969044
7 0.7861677246909455 0.2901521933751119 0.0835282325425994 0.01736794986571173
8 0.7791668932936543 0.3073494201661427 0.09889742733043753 0.01736794986571173
4 0.2927033194641664 0.2628756686936469 0.278022743171567 0.017885881446636345
5 0.5395446518065963 0.2629811996418979 0.047348575247004865 0.016690113825297406
6 0.7476492768841582 0.2595664407213199 0.09775189728413929 0.015871594833098815
4 0.21669610042480067 0.24613121882593686 0.1279175218366665 0.017649315769279975
5 0.5393537301322132 0.24779383552884002 0.046775810223855664 0.0163703798439698
6 0.7553338742780773 0.24395702775290967 0.0835282325425994 0.0163703798439698
