0 0.5085796981600165 0.1334989954531035 0.33905313210667765 0.037538331394734066
1 0.1678777780270611 0.3526090428530949 0.2247521716502917 0.035064087365840116
2 0.8088013130493099 0.3615275947356069 0.23446754438600811 0.02961221137007821
3 0.19001446736359218 0.38591784993248635 0.2683818546631919 0.03465403141047141
7 0.8626628075253256 0.6656180606957809 0.11444393881150507 0.03152495185857698
8 0.852821997105644 0.6963360473723168 0.1264833574529667 0.02775721687638786
4 0.2590448625180897 0.48177276091783866 0.3924746743849494 0.02387120651369356
5 0.6536903039073806 0.48279052553663954 0.05065123010130246 0.032198371576609916
6 0.8593298816818922 0.48593641121593956 0.13728822302369753 0.03484447826552091
4 0.22793630332229106 0.5433017552825453 0.34423812225827605 0.03262484964840859
5 0.6536903039073806 0.543301258327165 0.05065123010130246 0.02997779422649889
6 0.8586108504431983 0.5473713003027272 0.13587079413892908 0.03487104278948464
4 0.2688856773542081 0.6057549962990377 0.4168977729145939 0.03466489666219467
5 0.6536903039073806 0.6030717986676536 0.05065123010130246 0.031088082901554404
6 0.8544138929088277 0.6067727609178386 0.13444227116497828 0.034873708277433385
