0 0.48419245049722964 0.2109029410963948 0.7188445362349782 0.040524021557625294
1 0.40208878730454656 0.44340641238228096 0.1831961627646442 0.022469175456701542
2 0.3612914862914863 0.46387874764907616 0.10245310245310241 0.0191392853191725
3 0.3422168109668109 0.4843732713795774 0.07224025974025974 0.020411549950215734
7 0.8185876623376623 0.6734152007965483 0.09496753246753246 0.023564553601062063
8 0.8122145967910128 0.6944238945688475 0.11216368131651326 0.0237631558818037
4 0.2822745572264921 0.6042098619199614 0.35247830257443297 0.020587909747863425
6 0.8011363636363636 0.6051277796216395 0.08766233766233766 0.020411549950215734
4 0.2809668949672154 0.6240388127683684 0.356897378896738 0.020757422588055924
6 0.7968028235057044 0.6255638611265246 0.10839641180217344 0.022120088665263028
5 0.4900793650793651 0.6042703838920235 0.06313131313131318 0.021573182874211748
5 0.490981240981241 0.625290408230999 0.05952380952380952 0.021573182874211748
