0 0.44147346390099645 0.20355015295443568 0.6336381727961585 0.03904363226533566
1 0.26821022386327914 0.37393342268253904 0.286358151376215 0.022733733497021413
2 0.7196905189003875 0.3781187382705583 0.16808371779839587 0.022739826203006762
3 0.24129961935834693 0.39317340202865886 0.23901300808863513 0.02160056879930768
7 0.7161256079639431 0.8236992857685747 0.17084335127761094 0.021990537716715983
8 0.7016829993011496 0.8436186500734278 0.196432969875299 0.025086387543117535
4 0.29948341489940183 0.5327644501690549 0.3586433746686378 0.021591763856464337
5 0.5720500271886895 0.5317179198196748 0.059815116911364874 0.021413620995008854
6 0.7690320826536161 0.5301883754628884 0.08945078847199565 0.020286588311061022
4 0.29771615008156604 0.4937208179037192 0.355084284937466 0.016261471582675897
5 0.5643012506797173 0.49267428755433906 0.04105492115280043 0.020286588311061022
6 0.7664491571506253 0.4917082595395266 0.10875475802066341 0.020286588311061022
4 0.27433388540445297 0.4312510062791821 0.3121751263583724 0.022731139183505073
5 0.5625339858618814 0.43334406697794237 0.040783034257748776 0.020447592980196425
6 0.7612833061446438 0.43334406697794237 0.10494834148994019 0.020447592980196425
4 0.23694943318618517 0.5911286427306391 0.22059651261247196 0.024045198287312834
5 0.55899945622621 0.5864595073257124 0.040783034257748776 0.020447592980196425
6 0.7525829255029908 0.5854129769763323 0.10494834148994019 0.020286588311061022
4 0.28997387453030476 0.5135241170529101 0.3434323865217382 0.020464809788077604
5 0.5643012506797173 0.5124778618579939 0.04105492115280043 0.020286588311061022
6 0.7646818923327896 0.5114313315086138 0.10522022838499184 0.020447592980196425
4 0.29866775421424685 0.45210111093221705 0.3602501359434475 0.016100466913540494
5 0.5633496465470365 0.4531476412815972 0.03915171288743882 0.020447592980196425
6 0.7630505709624796 0.4531476412815972 0.10522022838499184 0.020447592980196425
4 0.1969820554649266 0.611495733376268 0.1335648686552644 0.022912662514087908
5 0.55899945622621 0.6052165512799871 0.040783034257748776 0.020286588311061022
6 0.7438825448613376 0.6036065045886331 0.11908646003262642 0.019320560296248592
