0 0.6203883748548161 0.28124065024434025 0.18792331684654243 0.022938067218510074
2 0.7906808305166586 0.43025830258302583 0.1274746499275712 0.020664206642066422
3 0.4503861394612355 0.450554316334179 0.14275477624411517 0.024043437211715868
7 0.8382543406969257 0.7701787181446034 0.07111726420408813 0.024218209467250923
8 0.8330134513507463 0.7955104250749538 0.08257285473754634 0.026445204393450186
4 0.4829792370835345 0.596309963099631 0.21084224861178175 0.02403577966443727
5 0.7099227426364075 0.5952952029520295 0.031144374698213424 0.023800738007380074
6 0.825446644133269 0.5958487084870848 0.0772573635924674 0.024907749077490774
4 0.4829792370835345 0.5333948339483395 0.207920341546958 0.022916966962638376
5 0.7065427329792371 0.5318265682656826 0.02969579913085466 0.02158671586715867
6 0.8213423466924191 0.5317343173431734 0.07967165620473202 0.023616236162361623
1 0.4412522131015612 0.42988929889298894 0.1279575084500241 0.02214022140221402
4 0.4915499758570739 0.6623616236162362 0.23338161918557854 0.02214022140221402
5 0.7096410751649765 0.6602091020910209 0.03380009657170449 0.022755227552275468
6 0.82673426685981 0.6614391143911439 0.07967165620473202 0.023985239852398525
4 0.49557379687751485 0.729089790897909 0.24303878963463707 0.023985239852398525
5 0.7108482214711089 0.7257072570725708 0.031385803959439885 0.02214022140221402
6 0.8307580878802511 0.727859778597786 0.07967165620473202 0.023985239852398525
