0 0.5104083028518749 0.1620439233528743 0.3464477949266957 0.03281126957739082
2 0.7799094012883813 0.35538006104220554 0.208631915824888 0.0318178004742622
3 0.23159960745829244 0.38173724735322423 0.23100095579816815 0.03299869541025024
7 0.8315341838403664 0.6422040423484119 0.10289860489245993 0.0357446312560154
8 0.8223746377422718 0.674568653565628 0.11861848191650311 0.037921923875120306
4 0.26643769398677725 0.5104667949951877 0.300683717537363 0.032051857442552935
5 0.6414785737651292 0.5109480269489894 0.04448806018972849 0.03248315688161694
6 0.8217206411514557 0.5140760346487007 0.11992663482376513 0.03791687187951155
1 0.22046272340678616 0.3507087234228716 0.21262675825973176 0.03390497856330384
4 0.23235792666607188 0.580934464957564 0.23939096559312462 0.03718610552104295
5 0.6434858893151336 0.575465920027999 0.04460701222232139 0.034998687549216916
6 0.8278615398340619 0.5814813194505206 0.11300443096321425 0.03609239653512993
