0 0.4925911964275358 0.21306459056524268 0.2921475381314156 0.02407849589662301
1 0.21508727703903083 0.37868852459016394 0.18398790050325844 0.026098316841026748
2 0.760131074900639 0.3781715110008628 0.20053321286627182 0.027147679168464195
3 0.2334788077489991 0.40258843830888696 0.22077138049346848 0.025916233013373598
7 0.822786783042394 0.8357635893011217 0.09756857855361596 0.02079378774805867
8 0.8093827930174564 0.857679033649698 0.1293640897755611 0.02113891285591027
4 0.30379577408407693 0.6148138801633952 0.36320252073673237 0.028764947557161347
5 0.6351309226932669 0.609404659188956 0.045199501246882795 0.02467644521138913
6 0.809850374064838 0.609404659188956 0.11159600997506235 0.02467644521138913
4 0.3051745588345421 0.4729076790336497 0.3529284945747204 0.022634679680759277
5 0.6315461346633416 0.4723899913718723 0.04177057356608479 0.021570319240724764
6 0.8070448877805486 0.4708369283865401 0.1172069825436409 0.02467644521138913
4 0.29740053400434463 0.5678727578664258 0.34293074381916305 0.024615231004637618
5 0.6341957605985037 0.5645383951682484 0.047069825436408974 0.02467644521138913
6 0.8089152119700748 0.5635030198446938 0.11346633416458853 0.02467644521138913
4 0.3033042346450159 0.7562553925798102 0.3416965798546846 0.027133439387402935
5 0.6415211970074813 0.7490077653149266 0.04738154613466334 0.02467644521138913
6 0.8117206982543641 0.745297670405522 0.11159600997506235 0.023468507333908543
4 0.2683915164405271 0.8031061259706643 0.2688234952322563 0.02940152475194133
5 0.6497817764853004 0.7937014667817084 0.06977950783441786 0.03000111221958585
6 0.8216957605985037 0.790595340811044 0.09476309226932668 0.02467644521138913
4 0.30270497995124496 0.6865098507266502 0.343564573368824 0.027204343386000862
5 0.637001246882793 0.6796376186367559 0.04894014962593516 0.02571182053494392
6 0.8162406483790524 0.6760138050043141 0.10022185746571072 0.027525749568593615
4 0.30673316708229426 0.5200172562553926 0.35910224438902744 0.022778257118205348
5 0.6309226932668329 0.5182916307161346 0.04488778054862843 0.022088006902502157
6 0.8054862842892768 0.517946505608283 0.12219451371571072 0.024158757549611734
