0 0.48867661312969357 0.15359384281618843 0.27085541393773044 0.03615795862496451
1 0.23434428745560082 0.47497998398718977 0.32886255955769755 0.02924233918384708
2 0.7831601610034635 0.4783159861222312 0.22153577334706226 0.03669602348545506
3 0.20232517764127111 0.5068053954882656 0.2772250862410818 0.030458839728032427
4 0.2507722549845549 0.7181745396317054 0.37072709342530186 0.03045014136309047
5 0.5922493681550126 0.7166733386709367 0.07132827857343443 0.03102481985588471
6 0.8355795847703419 0.7182758902434447 0.12079147086053776 0.04285068679943955
4 0.14209491715810166 0.600480384307446 0.17755396049433095 0.03488542787354884
5 0.5796124684077506 0.5953763010408326 0.05167087896658242 0.03422738190552442
6 0.8162033136759337 0.5973779023218575 0.15489992496840774 0.037542631761659326
4 0.16596461668070767 0.6614291433146517 0.21566975568660487 0.02702161729383507
5 0.5811569783768604 0.657826261008807 0.05195169896096602 0.03422738190552442
6 0.8170505728289105 0.6578261144071508 0.15320526954331648 0.037544195512660125
7 0.7597584948048302 0.7785561782759541 0.26209866142469335 0.03669602348545506
8 0.7457174950856501 0.8091361978471667 0.29642110518268905 0.03780802419713563
