0 0.5195471173207172 0.1892299573878966 0.2795788924550993 0.030130631306658752
1 0.5389851084228242 0.3053842335006678 0.18792176362164545 0.027345199140338335
2 0.5233311263918654 0.3324705898285735 0.15661379955972785 0.02539876653390082
3 0.4890048453224003 0.3571659831642564 0.0842340663436451 0.025145693934815454
7 0.7150577711516959 0.48802072091517373 0.13231457323891166 0.028059572631124543
4 0.2748788669399925 0.4010360457586877 0.10100633619083116 0.025037772501618823
5 0.5872158032053671 0.3979063241959853 0.060752888557584796 0.02698035829915821
6 0.7269847185985837 0.3958558169652493 0.1233693626537458 0.025037772501618823
4 0.2748788669399925 0.43125404705374487 0.10100633619083116 0.025037772501618823
5 0.5872158032053671 0.4290956183898122 0.060752888557584796 0.02719620116555148
6 0.7260529258292956 0.4281243254910425 0.11777860603801714 0.025253615368012086
8 0.693812896011927 0.5151090006475286 0.1882221393961982 0.03237642995898986
