0 0.5245095105877098 0.31762533985127567 0.4832587326663157 0.02191590593997006
4 0.3271553437291728 0.5802138833438649 0.3302864689397586 0.020396798689735127
5 0.5919727488151659 0.5812165775401069 0.04354265402843602 0.02038770053475936
6 0.7867298578199052 0.582302807486631 0.10604265402843602 0.020554812834224598
1 0.30911005792522384 0.5021662705486234 0.2896261190100052 0.022900574371162594
3 0.2838774793751097 0.5219721727074668 0.23696682464454974 0.021662705486234887
2 0.7600052659294364 0.5061893444246385 0.1711427066877304 0.023519508813626484
4 0.32885729331226965 0.6191448801742919 0.33350886431455146 0.019186967716379476
5 0.5959935053536949 0.6194543473955239 0.06253291205897847 0.018568033273915586
6 0.7846893101632437 0.6200732818379877 0.11080393189397923 0.021043771043771073
4 0.3261146217307355 0.6556620122796593 0.3346059329471652 0.019186967716379476
5 0.5937993680884676 0.6553525450584274 0.05595050026329641 0.018568033273915586
6 0.786883447428471 0.656590413943355 0.09544497103738808 0.022281639928698777
7 0.7424521678076179 0.6909412755000991 0.17553098121818503 0.02290057437116267
8 0.7292873442162541 0.7104377104377104 0.20405476566614 0.01980590215884329
