0 0.4781882894472941 0.12333437359849486 0.3979916915156613 0.019655537469187856
1 0.29284221525600834 0.2812729273661042 0.23249738766980146 0.01632428466617755
2 0.6572996857478841 0.2799894846947513 0.2619464863568047 0.018479281887994213
3 0.31400208986415884 0.2978723404255319 0.27481713688610243 0.016507703595011004
7 0.7226655267407618 0.49591753929611593 0.11513251638643483 0.016413215055914986
8 0.716891054211603 0.5125013322732033 0.14251376567831023 0.01770615512499587
5 0.4960419239416104 0.4666066386535939 0.07441182989772335 0.01723026301162766
6 0.7173458725182863 0.46615920763022745 0.13897596656217345 0.017424798239178283
4 0.3852157943067034 0.3604459859045332 0.41322314049586784 0.016118633139909754
5 0.49445869351825456 0.376008804108584 0.07124536905101175 0.016118633139909754
6 0.713736107153035 0.37545298917272507 0.14565719894873486 0.016118633139909754
4 0.3947151768468382 0.40602281064496765 0.43222190557613754 0.016118633139909754
5 0.49287546309489877 0.42158562884901846 0.07124536905101175 0.016118633139909754
6 0.7256103353282036 0.42158562884901846 0.12507520344510922 0.016118633139909754
4 0.39867325290522776 0.45187754285333154 0.43380513599949333 0.014451188332332901
