0 0.5219005464170808 0.14069789461558393 0.3224416999155836 0.027868634519549178
1 0.5626453304273615 0.2755177712155161 0.20923861312431605 0.020167709273572407
2 0.5427235114229177 0.29614223661930356 0.16939497511542845 0.018061792927433786
3 0.5050068957246506 0.3172265986077368 0.09396174371889429 0.021783765654780907
7 0.7319062181447502 0.6890905298289528 0.18367724559601173 0.026562235183302044
8 0.7167964144700988 0.7141007444440738 0.2077328621196265 0.024510600768193724
4 0.3007135575942915 0.5391113892365457 0.23139653414882771 0.019816437213183144
5 0.608053007135576 0.538589904046725 0.0652395514780836 0.01877346683354193
6 0.7579001019367991 0.538589904046725 0.13557594291539246 0.020859407592824362
4 0.3348773330237401 0.3504379457068732 0.28449267155047464 0.022152629752033793
5 0.6106014271151886 0.3526282853566959 0.0652395514780836 0.019816437213183144
6 0.7591738452969705 0.35263039879765073 0.13430975895530708 0.024507614091181684
