0 0.47249724972497253 0.24340496156533892 0.2398850996210732 0.04367575122292103
1 0.2969760959146762 0.502535044238354 0.28986500344949745 0.026909444622108508
2 0.7622993231526544 0.5040340848523611 0.17870727750741183 0.02591008421277056
3 0.26924651998891297 0.5298525130439956 0.23820604716721672 0.029312037821835692
7 0.7626512651265126 0.8275353773584906 0.17106710671067107 0.023781446540880505
8 0.7462871287128713 0.8530856918238994 0.20713868261826182 0.029316260379815252
4 0.32288228822882287 0.6568396226415094 0.34276141847583197 0.028345743815104168
5 0.5922717271727173 0.6546776729559748 0.04152915291529153 0.025943396226415096
6 0.7984048404840484 0.6546776729559748 0.10561056105610561 0.02397798742138365
4 0.3287953795379538 0.6822916666666666 0.35458733251254815 0.029334590120135614
5 0.601897689768977 0.6796383647798742 0.06078107810781078 0.025943396226415096
6 0.8066556655665567 0.6791470125786163 0.0891089108910891 0.024960691823899372
