0 0.507720203595361 0.13913712654806545 0.549378061633272 0.035846364559497045
1 0.5246645619573796 0.29575361755851226 0.19485003946329918 0.02731378071282899
2 0.5061104585546722 0.321584575023653 0.16289747278805122 0.026637589779828226
7 0.6991663378058406 0.4842187044770321 0.15661996842936074 0.0279207536175585
8 0.6863504543771118 0.5130076219911215 0.1778508692909247 0.02844313560116117
4 0.262603591160221 0.4088205302515296 0.1826657458563536 0.02362338545207342
5 0.56353591160221 0.4047416723317471 0.05939226519337017 0.02362338545207342
6 0.7228936464088398 0.40049286199864037 0.11982044198895028 0.02770224337185588
4 0.2594958563535912 0.43278382053025155 0.1805939226519337 0.02362338545207342
5 0.5602555248618785 0.4297246770904147 0.06180939226519337 0.02362338545207342
6 0.7301450276243094 0.42768524813052344 0.09703038674033149 0.02566281441196465
3 0.46793606945540644 0.34856026026998155 0.08632596685082873 0.024885889093910832
