0 0.45631182834968226 0.2398446671323253 0.4478717567995825 0.02744815634391436
1 0.3936583145947104 0.49416456444652157 0.1734214940928722 0.022189278319578818
2 0.3517551843523575 0.5177341597796142 0.08947246314737485 0.02263335837716002
3 0.33747813827319123 0.5407838717756073 0.0609183709890424 0.024117205108940602
7 0.8198298327556984 0.7861021948015962 0.0991774690854548 0.02684394498233234
8 0.8133631430282562 0.8098850218717717 0.11211084854033937 0.026861561565747833
4 0.2107799392647367 0.6973524598528381 0.20902155417210078 0.025280053998305584
5 0.48512956419316844 0.6957644628099173 0.053297997644287394 0.022933884297520662
6 0.8101028217452239 0.7033472272766403 0.11684686034650839 0.0270646238338968
4 0.27949270797191944 0.7187330406947511 0.3446445230217893 0.022589015029230695
6 0.8090536682126727 0.7281721474800138 0.11537590589181905 0.026250245485752284
5 0.48661526930078164 0.7187578261958427 0.053538922796873376 0.022539444027047315
