0 0.4613528147251239 0.19633912958803718 0.4087014005213755 0.02106411192276721
1 0.39952183198424135 0.37645295022382363 0.1574591633477418 0.01773758442880796
2 0.36191201143354257 0.39192413334004617 0.08768822883655433 0.014765524918746262
3 0.3421559707634332 0.40872804830782267 0.040205964809221756 0.016959687587844198
7 0.7891319207108681 0.6973417020491046 0.08544087491455912 0.017537382314934465
8 0.776315539158621 0.7135881857390507 0.12350862285329801 0.023145856288651467
4 0.25559027438726684 0.5592051478150796 0.224099209061615 0.013449721775363238
5 0.48529381304500924 0.5411023657285425 0.053998632946001365 0.017352778290566733
6 0.7781222536861634 0.5551504522798597 0.08275559027438749 0.015889132097365328
4 0.2236842105263158 0.5140299058519475 0.1657552973342447 0.01532213402252169
5 0.48444976076555024 0.5114454495107993 0.050239234449760764 0.014214509876315303
6 0.7773410799726589 0.5077533690234447 0.08920027341079972 0.017537382314934465
4 0.271460979481412 0.6043874817610813 0.25387522881180724 0.013804745858359302
5 0.4863538716922175 0.5719230464938422 0.05258275559027432 0.014913367968564644
6 0.7741919734400938 0.6175861705213745 0.1002831754711456 0.016284712149581933
5 0.4860187659230722 0.5565000195792147 0.05281799540172744 0.012306934957848719
6 0.7709457506228792 0.5699934670057393 0.09574366412047798 0.016038517650287323
4 0.2916740944185081 0.6210683823989952 0.29644870599747264 0.0168363093864554
5 0.4887950395469193 0.6035430786676864 0.05062982130651302 0.01602099211477103
6 0.7749731471535982 0.6330137925578206 0.09989258861439326 0.016548432184393086
4 0.3018171960238239 0.5734714005151195 0.31815058988771006 0.01709106062223094
6 0.7713523218843832 0.5857101219509432 0.0985097409272471 0.014770543224125672
4 0.29843868821995956 0.5421992013278703 0.3088195695851198 0.015831193604868943
6 0.7687385617935871 0.538834291387357 0.10011749073881963 0.01648553469855141
4 0.2924551012553038 0.6368893310205637 0.2948866923238812 0.015785936181399958
5 0.48933209647495357 0.6189047706954298 0.051508641734205586 0.013251931749255062
6 0.7824919441460795 0.6499578047944302 0.0885655697685772 0.016152852132176397
4 0.3021708032998963 0.5890536264904304 0.31744337533556516 0.017045572779312495
5 0.4883556293330728 0.5874429705424721 0.052485108876086276 0.014992483979007981
6 0.7740210916902646 0.6023563385110366 0.0999414119714872 0.015889132097365415
4 0.27804901865052234 0.6524301801207839 0.2631578947368421 0.016878082227906793
5 0.489942388438629 0.6338379176666051 0.05126452494873548 0.013977161844985375
5 0.489942388438629 0.6493973997204568 0.05126452494873548 0.015559482053851619
