0 0.49332892270371603 0.17114264642303093 0.5585327305472857 0.029017573306884373
1 0.4029034974288033 0.31080373429881325 0.21825098487354525 0.027435027778355697
2 0.34868282560971947 0.3387520200864215 0.1081656792870818 0.02702580855476248
3 0.3371950439254893 0.36716173287448434 0.09505427305881392 0.027080919139050818
7 0.7909361561362884 0.567177843900206 0.1158929005230731 0.031208648646715496
8 0.7793621531699991 0.5951195138099566 0.1357048294005741 0.029325705800205756
4 0.25534287633196 0.45653086137178606 0.37704367525737026 0.025902189669642143
6 0.7834932186569633 0.45674067292286563 0.13670502062313927 0.030961658131151294
4 0.25749305827043173 0.4267376211184863 0.3727433113804268 0.024452582589455946
6 0.7834932186569633 0.42767223620965894 0.13339704841010586 0.030963278657158387
4 0.24338154953437782 0.4854345700076988 0.3608696959672811 0.029130859984602204
5 0.4909782576008179 0.42682605408629665 0.06415461261640548 0.0270500842714164
5 0.4919806734229493 0.4556101181187013 0.06615944426066821 0.02496930855823049
5 0.4924818813340149 0.48508777405550113 0.07518118665985023 0.027050084271416346
6 0.7922042121512847 0.4871685497686871 0.12530197776641713 0.02705008427141645
