0 0.4566543258982753 0.21710947186068763 0.27843221246519595 0.024343434915279197
1 0.19210292812777285 0.371860121490724 0.16651878142561372 0.020357905105893942
2 0.7113222326974268 0.3718600613674376 0.19467445605959774 0.02499264892618207
3 0.20689959536874647 0.395849179159484 0.205642788952934 0.023712356943988423
7 0.7765454007690032 0.8281070431784601 0.09671694764862467 0.02462649811196848
8 0.7593921329288056 0.851762429968396 0.13231083590592044 0.025639455241339683
4 0.27491866311742086 0.5068133311443113 0.33569949719018044 0.019372845181415202
5 0.5882874889086069 0.5067312428172713 0.0396332446021887 0.02150714168445247
6 0.7573203194321206 0.5067312428172713 0.11328009464655428 0.023477261533409947
4 0.26471458148476784 0.7338696437366606 0.32298136645962733 0.019372845181415202
5 0.5928719313812482 0.7333771137744213 0.048802129547471165 0.02462649811196848
6 0.7656018929310855 0.7354293219504187 0.11150547175391896 0.024462321457888687
4 0.26471458148476784 0.6630274175012313 0.3300798580301686 0.021517563054096207
5 0.5890269151138716 0.6635199474634706 0.04525288376220053 0.024462321457888687
6 0.7684117125110914 0.6645871157560848 0.1001149865516859 0.02733809841107782
4 0.27491866311742086 0.46199310458052867 0.33569949719018044 0.019372845181415202
5 0.5872522922212363 0.46306025283204727 0.0417036379769299 0.02150714168445247
6 0.7555456965394853 0.46199310458052867 0.11328009464655428 0.02364143818748974
4 0.2656018929310855 0.551551469381054 0.32475598935226263 0.019208668527335413
5 0.5872522922212363 0.5510589394188147 0.04525288376220053 0.024462321457888687
6 0.756433007985803 0.551551469381054 0.11150547175391896 0.023477261533409947
4 0.22700384501626739 0.7796749302249221 0.25884293085440696 0.025966365590625512
5 0.6038154392191659 0.78123460843868 0.06359065365276545 0.024462321457888687
6 0.7729961549837326 0.7823017566901986 0.09671694764862467 0.02462649811196848
4 0.2722567287784679 0.5965085098232364 0.34506556245686676 0.02298473157117058
5 0.5852804890071971 0.5959612543096372 0.046337375529922134 0.021890220543972005
6 0.7578132702356304 0.5981502763640344 0.11140688159321709 0.02407924259836923
