0 0.49527383185919777 0.15079150084715712 0.6044670776378095 0.02250384175893454
1 0.321233630276212 0.30975881136357586 0.2681911866913892 0.01979046663807149
2 0.7509157509157509 0.3130048465266559 0.17146774124313185 0.02183135838423869
3 0.2960751106386944 0.3291740431008297 0.22111475268094447 0.02101012962338604
7 0.7484630063714188 0.6299670686244194 0.16987211426036763 0.02406983999520405
8 0.7194855774340986 0.6497197066447269 0.23868452278748042 0.02527787265561885
5 0.5892203035060177 0.5117701361643202 0.04186289900575613 0.01961689360720059
6 0.7831026964571887 0.5145509791599804 0.11145028474130036 0.019824882206233373
4 0.3456043956043956 0.4551696284329564 0.33076923076923076 0.016558966074313407
5 0.58861852433281 0.4557465958919917 0.04097331240188376 0.019732287099007536
6 0.7838827838827838 0.4579679206092776 0.10675039246467814 0.01875144241864764
4 0.3408326145493504 0.38226985161061816 0.3183738512870593 0.023046663003899938
5 0.591025641025641 0.3838852988691438 0.04212454212454213 0.021809369951534735
6 0.7838827838827839 0.38539983844911146 0.10842490842490843 0.02079967689822294
4 0.3355311355311355 0.47394991922455576 0.3142857142857143 0.016558966074313407
5 0.5880952380952381 0.4742239787675975 0.03992673992673984 0.01912647126702046
6 0.7825745682888539 0.4772963304869605 0.1104133961276818 0.01932840987768291
4 0.34207221350078487 0.4929177244403416 0.33103087388801666 0.01693399492268632
5 0.5967548396311649 0.49285251979268846 0.05819100100977896 0.01764137167702791
6 0.7912131412811518 0.4962967626772822 0.09418282261822991 0.01825346287529934
4 0.31245421245421245 0.436389337641357 0.2571428571428571 0.016558966074313407
5 0.588880167451596 0.4377740595430417 0.04149659863945576 0.01932840987768282
6 0.7912087912087912 0.44012520193861066 0.09010989010989011 0.017568659127625202
4 0.349084237905649 0.36399434571890144 0.3348398732615041 0.022035762065831986
5 0.591025641025641 0.3661147011308562 0.04212454212454213 0.01978998384491115
6 0.7838827838827839 0.36712439418416803 0.10842490842490843 0.01978998384491115
4 0.3332863717479102 0.5115778136779752 0.3212172442941674 0.020711652375626523
