0 0.4905397136299915 0.43441862070872583 0.6390083039388595 0.030684533104322707
1 0.3912450396825397 0.5444036110368354 0.1513723544973545 0.021063809672360736
2 0.35546186067019403 0.5655898644179894 0.08101851851851852 0.020027281746031748
3 0.34849203873353457 0.5884380744247841 0.07153444105144949 0.023934036335617182
7 0.785287147266314 0.7921316964285714 0.08391203703703703 0.0237061838624339
8 0.7715664286844842 0.8152430131596798 0.114109206123095 0.022953127119793842
4 0.25301990811786956 0.6557542104569692 0.16873822893415177 0.024841792999751984
5 0.5426587301587301 0.6552579365079365 0.05489417989417989 0.025793650793650792
6 0.7443783068783069 0.6537698412698413 0.09986772486772487 0.026785714285714284
4 0.3247078924162258 0.7015335648148149 0.31200396825396826 0.02509093915343923
6 0.7457010582010583 0.7003968253968254 0.09986772486772487 0.026785714285714284
4 0.20965608465608465 0.7504960317460317 0.08465608465608465 0.026785714285714284
5 0.5453042328042328 0.7485119047619048 0.05489417989417989 0.0248015873015873
6 0.7549603174603174 0.7490079365079365 0.08796296296296297 0.027777777777777776
5 0.544780643738977 0.7019365906084657 0.05511463844797173 0.02221808862433855
