0 0.4772507494439609 0.08519035705281124 0.43230828739967114 0.02201276158336727
1 0.40923617544943247 0.19451712725823653 0.16847281881392884 0.025293467687718372
2 0.3714269868086486 0.21614957213764777 0.09439580880219797 0.02113566800447074
3 0.36491179691374925 0.23726191605435595 0.07982406174256243 0.02527205328863599
7 0.7315056570931244 0.9270029673590504 0.10879025239338555 0.024925816023738872
8 0.7245430809399478 0.9510385756676558 0.1227154046997389 0.02433234421364985
4 0.3122982116286252 0.4130499984046457 0.27994890367500497 0.021352222328579123
6 0.7080069625761531 0.41038575667655786 0.10879025239338555 0.02433234421364985
4 0.3199499991467431 0.7009326239585303 0.2941148028692185 0.01936397572096039
6 0.7280243690165361 0.6958456973293768 0.09312445604873804 0.02433234421364985
4 0.3127661266926827 0.4342394945917489 0.28088473380312007 0.019814300756197945
4 0.3043197551721588 0.8642190803126395 0.2571147402970472 0.02482496460503098
6 0.7158398607484769 0.43234421364985165 0.09312445604873804 0.02433234421364985
4 0.3185279043442152 0.722182644366321 0.29240828910618494 0.02108340310809033
6 0.7288957534404917 0.7198967364846068 0.09510244132125761 0.029944535886498515
4 0.3169118541602328 0.45608946747072526 0.2856949006616319 0.020784276187741285
5 0.5020549269896528 0.8153623862997227 0.05504928980585565 0.022462714066833495
6 0.7171453437771975 0.4537091988130564 0.09793980584339643 0.030496206764651337
4 0.32002867694964254 0.7468407437951226 0.29281977142139726 0.023744473892270773
6 0.7315056570931244 0.7427299703264095 0.09312445604873804 0.02433234421364985
4 0.3162696177978009 0.4778107484338938 0.284410427936768 0.020309924167490903
6 0.7162037343953982 0.47476091243392987 0.09614296059073107 0.027564237238037834
4 0.3198545349138801 0.7702148773684022 0.29658108301898917 0.02276723523623723
6 0.7328111401218451 0.7655786350148368 0.09225413402959094 0.024925816023738872
4 0.31538223064102344 0.4985592480966871 0.28959822977638977 0.021480832756801432
6 0.7188859878154917 0.4967359050445104 0.09051348999129678 0.024925816023738872
4 0.31509781168051787 0.5188323801190504 0.2890293918553786 0.02049935605134268
6 0.7201914708442123 0.5186943620178042 0.08964316797214969 0.024925816023738872
4 0.3218623734143282 0.7926910196194342 0.29484075770213775 0.024361759368605868
6 0.7341166231505657 0.8124629080118695 0.09312445604873804 0.024925816023738872
4 0.315666649601529 0.5416230304540678 0.29016706769740097 0.024567984591369954
6 0.7210617928633595 0.5394658753709198 0.09486510008703221 0.024925816023738872
4 0.3091548775007537 0.28025057698648204 0.28953850179468354 0.021333953957448443
6 0.7036553524804178 0.27922848664688427 0.10704960835509138 0.02433234421364985
4 0.31711860839491 0.5649618898004306 0.28726315011063897 0.02133395395744851
6 0.7219321148825065 0.5614243323442136 0.09312445604873804 0.024925816023738872
4 0.32186364166006837 0.8163615311327996 0.2948382212106574 0.024343325120215562
5 0.5043516100957354 0.8614243323442137 0.06179286335944299 0.026706231454005934
6 0.7288967361649397 0.8584688905438613 0.11794026692708333 0.03166373504729229
4 0.3081456489312178 0.3027732263257238 0.2863823688135894 0.019832444001499007
6 0.7036553524804178 0.3 0.10704960835509138 0.02433234421364985
4 0.3176874463159212 0.5874595139737399 0.2884008259526613 0.022109734101355673
6 0.7228024369016536 0.585459940652819 0.09138381201044386 0.02433234421364985
4 0.277584372884634 0.32408215511723976 0.22412214087839955 0.02133395395744851
5 0.48642326092026594 0.2823645778786292 0.05787072589407107 0.020984852892690208
6 0.7123585726718886 0.3228486646884273 0.08964316797214969 0.024925816023738872
4 0.3176874463159212 0.6101510831830259 0.28726315011063897 0.021721844029402058
6 0.7236727589208007 0.6071216617210683 0.08964316797214969 0.024925816023738872
4 0.30993473594084964 0.34663608591389716 0.28654751530678624 0.021446567204144684
6 0.7132288946910357 0.3451038575667656 0.09486510008703221 0.027893175074183978
4 0.3176874463159212 0.6332305424642656 0.2884008259526613 0.021333953957448443
6 0.7241079199303743 0.629673590504451 0.09399477806788512 0.027299703264094956
4 0.3132995498657084 0.36939472256788236 0.2891761887382202 0.02059921508567048
6 0.7140992167101827 0.3676557863501484 0.08964316797214969 0.02433234421364985
4 0.3176640376494488 0.6571953942163924 0.28949168446173884 0.022716848827269015
6 0.7258485639686684 0.6531157270029674 0.09399477806788512 0.02433234421364985
4 0.3044746717575826 0.3915414313519033 0.2712644000860965 0.02225200216968189
6 0.7149695387293299 0.3884272997032641 0.09486510008703221 0.02433234421364985
4 0.2774823649672517 0.6806500197145885 0.21067404660889608 0.024243297589111687
5 0.49816976398914664 0.6783421578324702 0.06054426412282347 0.020325439770369123
6 0.7280243690165361 0.6750741839762612 0.09312445604873804 0.02433234421364985
5 0.48634788989573197 0.3035239813036985 0.05802146794313893 0.01978239366963398
5 0.48634788989573197 0.3254397703690774 0.056883792101116576 0.020170283741587598
5 0.4869167278167431 0.3467737243265258 0.05460844041707197 0.020946063885494894
5 0.4880544036587655 0.36985318360776553 0.05574611625909432 0.020558173813541213
5 0.4883388226192711 0.3909931925292372 0.0563149541801055 0.018618723453773203
5 0.489760917421799 0.4125210915226624 0.05574611625909432 0.01900661352572682
5 0.4917518501453381 0.4336611004441341 0.05403960249606089 0.018618723453773203
5 0.49345836390837156 0.45557688950951297 0.05403960249606079 0.020558173813541213
5 0.4937427828688772 0.47788056864684547 0.05460844041707197 0.019394503597680364
5 0.493173944947866 0.4990205775683171 0.053470764575049616 0.021333953957448443
5 0.49488045871089953 0.5203545315257656 0.053470764575049616 0.01978239366963405
5 0.49630255351342745 0.5413005954112604 0.05517727833808314 0.022109734101355673
5 0.496586972473933 0.5643800546925002 0.05460844041707197 0.021721844029402058
5 0.49687139143443854 0.586295843757879 0.056314954180105396 0.022109734101355673
5 0.496586972473933 0.6093753030391187 0.05460844041707197 0.019394503597680364
5 0.4977246483159553 0.6322608172843815 0.05460844041707197 0.021721844029402058
5 0.49886232415797765 0.6565039467814822 0.05574611625909432 0.020558173813541213
5 0.49829348623696645 0.6999476348402863 0.05915914378516128 0.01978239366963398
5 0.49886232415797765 0.7224452590135955 0.05688379210111667 0.021333953957448443
5 0.501422094802528 0.7453307732588585 0.0563149541801055 0.023661294389170136
5 0.5019909327235391 0.7684102325400981 0.05745263002212775 0.020946063885494828
5 0.5031286085655615 0.7912957467853611 0.05745263002212775 0.022497624173309288
6 0.7336127525079016 0.7889270654380759 0.09313972485609147 0.025508876047685862
