0 0.5479971129556117 0.0292825137867647 0.2630819198845182 0.026338465073529403
1 0.2258435582822086 0.212158203125 0.17714723926380369 0.02685546875
2 0.7615030908877133 0.21044921875 0.19953529966389474 0.03232365846633911
3 0.24616564417177914 0.238037109375 0.21319018404907975 0.02685546875
7 0.8232361729159677 0.89892578125 0.12527451778482074 0.03433811664581299
4 0.2967399760989324 0.8410642445087433 0.3451703545506015 0.030805885791778564
5 0.6522239263803681 0.840087890625 0.07131901840490798 0.03466796875
6 0.8220858895705522 0.841552734375 0.1196319018404908 0.03173828125
4 0.30947541312937354 0.6145020425319672 0.35668088760844036 0.027853310108184814
5 0.6495398773006135 0.61474609375 0.0736196319018405 0.0341796875
6 0.8151840490797546 0.614990234375 0.12116564417177914 0.03076171875
4 0.30023006134969327 0.5324735343456268 0.33819018404907975 0.02786046266555786
5 0.6388036809815951 0.532470703125 0.049079754601226995 0.02978515625
6 0.8197852760736196 0.533447265625 0.10429447852760736 0.03173828125
4 0.3125 0.4521484375 0.3535276073619632 0.025390625
5 0.6365030674846626 0.450927734375 0.05368098159509203 0.03173828125
6 0.8182515337423313 0.451416015625 0.10122699386503067 0.03076171875
4 0.31173312883435583 0.3984375 0.34432515337423314 0.0224609375
5 0.6365030674846626 0.39794921875 0.05674846625766871 0.0322265625
6 0.8174846625766872 0.3974609375 0.10276073619631902 0.03125
4 0.31249999414923735 0.317626953125 0.35063163195651004 0.02785348892211914
5 0.6365030674846626 0.31884765625 0.05368098159509203 0.0322265625
6 0.8067484662576687 0.317138671875 0.12116564417177914 0.03076171875
4 0.3097761134570951 0.7000684862012987 0.36052904151063664 0.02917004870129869
4 0.29782487451199113 0.7844079748376624 0.344594056250498 0.03043831168831168
5 0.6419209624731097 0.6975319602272727 0.05278463867420923 0.0279017857142857
5 0.6414229941837304 0.7850421063311688 0.0537805752529679 0.032974837662337664
6 0.8261692295434627 0.7010196834415585 0.10058959445462522 0.02980418019480513
6 0.8271651661222215 0.7850421063311689 0.10855708708469439 0.03170657467532467
8 0.8132220540196001 0.9302582183441559 0.14640267707752377 0.025365259740259716
