0 0.4944613277636447 0.12790845788043476 0.5622548807045944 0.03120754076086954
1 0.18815104166666666 0.31201171875 0.17850704987843832 0.03329509496688843
2 0.7008175651232401 0.3120114207267761 0.19353012243906656 0.035240232944488525
3 0.20182291666666666 0.342529296875 0.20572916666666666 0.02978515625
7 0.7506510416666666 0.894287109375 0.09811798731486003 0.0359189510345459
8 0.7443520021645021 0.9258192978896105 0.11329816017316012 0.03043831168831168
4 0.2692057291666667 0.769287109375 0.3287760416666667 0.03078150749206543
5 0.587890625 0.769775390625 0.06640625 0.03369140625
6 0.7506510416666666 0.77294921875 0.09895833333333333 0.0322265625
4 0.2633463541666667 0.555908203125 0.3092447916666667 0.02685546875
5 0.578125 0.5556640625 0.046875 0.033203125
6 0.7408854166666666 0.557861328125 0.11328125 0.03271484375
4 0.27086661259333294 0.7077638506889343 0.3320978085199992 0.030800580978393555
5 0.5774739583333334 0.70947265625 0.048177083333333336 0.0341796875
6 0.7431640625 0.71044921875 0.10872395833333333 0.0322265625
4 0.2685546875 0.614990234375 0.3248697916666667 0.02685546875
5 0.5859109361966451 0.6159671247005463 0.06686794757843018 0.03786402940750122
6 0.7506510416666666 0.6181640625 0.09895833333333333 0.03515625
4 0.26283482142857145 0.46575689935064934 0.32044778138528146 0.031072443181818177
5 0.575673024891775 0.46607396509740256 0.05495806277056281 0.03170657467532467
6 0.7401244588744588 0.4663910308441558 0.11668019480519491 0.031072443181818177
