0 0.5556849535958721 0.16078331303177776 0.622961980865016 0.0419149815154542
2 0.7832980972515856 0.40049906425452275 0.2036645525017618 0.03867747972551466
3 0.2343199436222692 0.4410480349344978 0.21916842847075405 0.03867747972551466
7 0.8284145034828163 0.7949981438500432 0.12076725160314149 0.043049705607915476
8 0.8179309949325608 0.8381140940459649 0.14015438527802482 0.04318219478392794
4 0.3047921071176885 0.5985651902682471 0.36011275546159266 0.034310667498440424
5 0.6476391825229034 0.5988771054273238 0.04933051444679352 0.043668122270742356
6 0.817477096546864 0.5988771054273238 0.13530655391120508 0.043668122270742356
1 0.2163196808447104 0.40166742442665765 0.18872206495383478 0.040178901847172196
4 0.3037990902684349 0.7179861623093063 0.3691780383112307 0.03969829297340221
5 0.643747197129861 0.7162139170872794 0.04644756230379915 0.0375715987069699
6 0.8287366263053367 0.7183406113537117 0.12332628611698379 0.041824987239834376
