0 0.5743355481727574 0.0672983479105928 0.6021594684385382 0.0413022351797862
1 0.2761354716732332 0.20172780802835422 0.16851791648247258 0.025343259116461257
2 0.7670781982318331 0.20504127238836622 0.18684452245907368 0.02491941953482814
3 0.289830695009572 0.22581810059239907 0.19767656149000987 0.024719690716035244
7 0.8277878187280279 0.8872539103086619 0.10783710022684526 0.02930914689916618
8 0.819069524565341 0.9146382892047753 0.11643789297718561 0.029334343162725814
4 0.3223054448631515 0.8323646004160593 0.35059095617148567 0.02821200327229106
5 0.645764119601329 0.8328474246841594 0.050664451827242524 0.029154518950437316
6 0.8264119601328903 0.8360058309037901 0.10631229235880399 0.030612244897959183
4 0.31935215946843853 0.7563168124392614 0.3280730897009967 0.02575315840621963
5 0.645764119601329 0.7577745383867833 0.050664451827242524 0.028668610301263362
6 0.8218056561542904 0.7599617501157829 0.10917785238982039 0.03425412785091715
4 0.3239202657807309 0.6800291545189504 0.3222591362126246 0.02575315840621963
5 0.6478405315614618 0.6829446064139941 0.04983388704318937 0.028668610301263362
6 0.8210132890365448 0.68488824101069 0.10548172757475083 0.030612244897959183
4 0.33056478405315615 0.5609815354713313 0.31893687707641194 0.024807439716958212
5 0.6470099667774086 0.5624392614188533 0.04817275747508306 0.027696793002915453
6 0.8176910299003323 0.5634110787172012 0.09883720930232558 0.027696793002915453
4 0.337624584717608 0.42346938775510207 0.31146179401993357 0.0228377065111759
5 0.6470099667774086 0.4249271137026239 0.044850498338870434 0.023809523809523808
6 0.8081395348837209 0.42541302235179784 0.11461794019933555 0.02672497570456754
4 0.332694018798017 0.356656385000987 0.2949561439083264 0.02730934728802235
5 0.6478405315614618 0.358843537414966 0.04983388704318937 0.02672497570456754
6 0.8143687707641196 0.35787172011661805 0.09883720930232558 0.02672497570456754
4 0.28820598006644516 0.2891156462585034 0.2026578073089701 0.025372178028577504
5 0.6486710963455149 0.2917881438289602 0.044850498338870434 0.023809523809523808
6 0.8135382059800664 0.2922740524781341 0.09385382059800665 0.02478134110787172
4 0.343164628543154 0.4930215247193102 0.3331094931787657 0.02377850836383193
5 0.6435816780942955 0.4930215247193102 0.046829716547677924 0.02377850836383193
6 0.8141125326924435 0.4937969108616091 0.09454301265285926 0.02429543245869782
4 0.3268184067293419 0.6325910303331059 0.32515727716123555 0.024812356553563765
5 0.6440234678730472 0.6325910303331059 0.05124761433519481 0.02584620474329554
6 0.8101364246836785 0.6349171887600026 0.11309818336042977 0.028430825217624984
