0 0.5116938173718242 0.14350455027250864 0.553011784648335 0.03548155286245617
1 0.20980140935297886 0.3305847076461769 0.17116615544672886 0.03357995074728261
2 0.7139654067905189 0.33233383308345826 0.18385650224215247 0.029985007496251874
3 0.22674931019716427 0.3630687555392226 0.2076160496889514 0.035561900446261244
7 0.7690582959641256 0.8328335832083958 0.09929532351057015 0.03548225887056472
8 0.754349461387187 0.8628802787404918 0.12782703576284304 0.0355609094451278
4 0.29276105060858426 0.48800599700149927 0.3254324151185138 0.026486756621689155
5 0.5957719410634209 0.48750624687656174 0.04868673926969891 0.03248375812093953
6 0.7540038436899423 0.48750624687656174 0.11274823830877642 0.034482758620689655
4 0.29112761239070756 0.6744124885799287 0.3286992915542671 0.03355268166697901
5 0.6050608584240871 0.6729135432283858 0.06213965406790519 0.034482758620689655
6 0.7648942985265855 0.6729135432283858 0.09352978859705317 0.03648175912043978
4 0.29212043561819345 0.5807096451774113 0.32671364509929535 0.031024648808408297
5 0.5964125560538116 0.5797101449275363 0.04484304932735426 0.03498250874562719
6 0.7556053811659192 0.5807096451774113 0.10954516335682254 0.03498250874562719
4 0.2858440305224661 0.7707507005990676 0.3219293052976427 0.029731969458308825
5 0.5988533802577055 0.7675877251247795 0.04622158791427116 0.03226234983773942
6 0.7598180329065269 0.7688529153144946 0.10541765664658333 0.03226234983773942
