0 0.5605973515396698 0.10748096703268681 0.653686168859091 0.03991237049584989
1 0.19119609708132307 0.33801375858745286 0.1992862171121777 0.037510594662067735
2 0.8084561178731582 0.3343733749349974 0.22816122227338245 0.040651381914651584
3 0.21204356181934658 0.3785751430057202 0.24087123638693145 0.0374414976599064
7 0.8862908392056374 0.828133125325013 0.11979500320307496 0.04316172646905876
8 0.8811005504059407 0.8719740626359749 0.13858201832943295 0.047757012321309196
4 0.28944169964810057 0.4949084264740452 0.4009328407325828 0.037252722985631724
5 0.6601537475976937 0.49479979199167967 0.05060858424087124 0.0390015600624025
6 0.8728379244074311 0.49479979199167967 0.11723254324151185 0.04316172646905876
4 0.2847204549243987 0.7381463751700754 0.41037533017998656 0.038029192400572814
5 0.6639974375400385 0.7379095163806553 0.053171044202434334 0.0374414976599064
6 0.8821268417680974 0.7425897035881436 0.11915438821268418 0.042641705668226726
4 0.28820483991162127 0.617269996922326 0.41182392239406973 0.041389410678468005
5 0.6575389925348744 0.6188618973330362 0.06798363163330673 0.042450677618941536
6 0.8784857953431212 0.6167393634520891 0.11766397782687711 0.048818279261782734
