0 0.501084363478638 0.13904883770526763 0.6039904576013879 0.04371934314352739
1 0.4005096508349598 0.35764555342290466 0.2358490566037735 0.04371934314352743
3 0.3368032964649751 0.44193857965451055 0.09542398612014745 0.04382597568777991
7 0.8399479505530254 0.810300703774792 0.1262199089134678 0.04798464491362764
8 0.8295120110198438 0.8566866805747161 0.15250036851415094 0.052746636701255595
4 0.18770331815224464 0.5799744081893794 0.25439167208848407 0.037747920665387076
5 0.5058555627846454 0.5802943058221369 0.07221860767729343 0.04222648752399232
6 0.8305139882888745 0.5812539987204095 0.12426805465191933 0.044145873320537425
4 0.2607894166124485 0.6271593090211133 0.40576881370635437 0.0399872040946897
6 0.8318152244632401 0.6260396673064619 0.1243768616318315 0.04684633729706494
4 0.2608978529603123 0.6725784077220289 0.4098893949251789 0.045118296520113566
6 0.8334417696811971 0.6714651311580294 0.1276229630062622 0.0494018476587492
2 0.34954456733897205 0.40083173384516957 0.1263283452613316 0.044785668586052464
5 0.5070483626111472 0.626892727660482 0.07590544350466275 0.04052036681595218
5 0.5097592713077423 0.672211558967797 0.07482108002602479 0.0437193431435275
