0 0.5437392685822134 0.15140419146368098 0.625195786051324 0.046795583844484234
1 0.1956521739130435 0.37713838301692265 0.19293478260869565 0.0376368881763723
2 0.7761548913043478 0.38139931740614336 0.20720108695652173 0.034698521046643914
3 0.21433423913043478 0.41609783845278725 0.23585249030071756 0.0404537404899033
7 0.8401328791742739 0.8037798884785623 0.11796793730362602 0.043464113827858364
8 0.8287115511686906 0.8463920445708013 0.1309285371199898 0.04460433942601678
4 0.2892323369565218 0.5711746302616609 0.3807744565217392 0.03654721274175199
5 0.6402853260869565 0.5719567690557452 0.046875 0.03924914675767918
6 0.8342391304347826 0.5722411831626849 0.10326086956521739 0.03981797497155859
4 0.28707474210987927 0.7253119042302154 0.39018475491067645 0.035439900299523604
5 0.6504755434782609 0.7255403868031854 0.07269021739130435 0.042662116040955635
6 0.8369565217391305 0.7266780432309442 0.10597826086956522 0.040386803185438
4 0.2915251358695653 0.6488196814562003 0.3999660326086957 0.036262798634812285
5 0.6409646739130436 0.6491751990898749 0.05264945652173913 0.035551763367463025
6 0.8354279891304348 0.6498862343572241 0.10699728260869565 0.036973833902161544
