0 0.48655457427536236 0.25002122961956524 0.6878396739130435 0.05413552989130435
1 0.11044456845238095 0.4787248883928571 0.2052641369047619 0.035574776785714246
2 0.7373049457867941 0.47827480733394623 0.2455372412999471 0.04058685898780823
3 0.1279296875 0.5166015625 0.236328125 0.0341796875
7 0.8058622056159419 0.8836616847826086 0.12565104166666696 0.04364809782608703
4 0.20047699116791284 0.7809674739837646 0.3990832200451266 0.04771906988961361
5 0.5725911458333334 0.793212890625 0.057942708333333336 0.03759765625
6 0.8053385416666666 0.802001953125 0.13053178787231445 0.047567009925842285
4 0.20119958107049266 0.6652848422527313 0.3920949899281065 0.039660751819610596
5 0.578125 0.6728515625 0.057291666666666664 0.0380859375
6 0.8033854166666666 0.67919921875 0.13183228174845377 0.04807877540588379
8 0.7957993659420289 0.9261846127717392 0.16276041666666666 0.045643682065217406
