0 0.5129064240238882 0.09125356158459341 0.6717317948093662 0.04955963819444956
1 0.14181293966450217 0.315721387987013 0.19976833062770563 0.0356381899350649
2 0.7630486687024435 0.30640046298503876 0.2345372438430786 0.038705796003341675
3 0.1617591269314289 0.3532712012529373 0.24298546959956488 0.040620654821395874
7 0.8411687612533569 0.8852465748786926 0.12131524085998535 0.043120622634887695
8 0.8310546875 0.924560546875 0.14412879943847656 0.046570658683776855
4 0.1604817658662796 0.4609375 0.24295215805371603 0.03522294759750366
5 0.6119791666666666 0.4580078125 0.052083333333333336 0.037109375
6 0.826171875 0.455810546875 0.11328125 0.03955078125
4 0.2360829274891775 0.8016240538714767 0.40354437229437234 0.041663621153150365
5 0.6171875 0.802001953125 0.06444263458251953 0.04684650897979736
6 0.8395182291666666 0.806884765625 0.12459230422973633 0.046547770500183105
4 0.23845880681818185 0.6858480874594155 0.40386566558441567 0.0385869013798702
5 0.6184895833333334 0.685791015625 0.055989583333333336 0.04150390625
6 0.8340050379435221 0.6870114803314209 0.1239013671875 0.046033501625061035
4 0.23735751942187164 0.5715348109022363 0.3993041711129668 0.037657853844877964
5 0.625 0.56982421875 0.078125 0.0380859375
6 0.8180338541666666 0.5703125 0.13997395833333334 0.0390625
