0 0.49727618608404917 0.16334528211459493 0.9450913702657521 0.04723739460442939
1 0.34990185608800334 0.367649996055747 0.21977834755964645 0.041903765696399614
2 0.29781806652447107 0.40681282161234994 0.11330489421802041 0.03661020583190396
3 0.28735516227589786 0.44562071183533447 0.09237908572087393 0.039183104631217866
7 0.9397590361445783 0.792747641509434 0.12060190804335764 0.044355860296285375
8 0.9302473050095117 0.8343160377358491 0.1395457962607007 0.04130568594302771
4 0.2403297400126823 0.5719339622641509 0.4426125554850983 0.035394488640551294
5 0.579581483830057 0.5725235849056604 0.08116677235256817 0.04009433962264151
6 0.8944204810607562 0.5763482327731151 0.12640942057704502 0.04324358814167527
4 0.1534565022721953 0.6600860739653965 0.27152909186344476 0.038402197495946346
5 0.5795560557402306 0.660083015010042 0.08014810062618896 0.045655664407982015
6 0.8839568801521877 0.6650943396226415 0.14722593086160432 0.04261218376879422
