0 0.5457993659420289 0.026630516434991654 0.24303668478260873 0.02557760895693979
1 0.2424893385055018 0.22355093368712595 0.1642247543615453 0.030724419390454005
2 0.7473953366279602 0.2216753214597702 0.18892769018809 0.03230443596839905
3 0.25807189386264956 0.253526991342797 0.20046160443156372 0.03166384819675894
7 0.8072916666666666 0.949462890625 0.1226030985514323 0.03773379325866699
8 0.7981770833333334 0.9829101264476776 0.13545910517374674 0.03421741724014282
4 0.2922859340906143 0.7714846730232239 0.3307927151521047 0.0332716703414917
5 0.626953125 0.77587890625 0.05078125 0.0380859375
6 0.8027339776357015 0.7793037593364716 0.1238848368326823 0.0411643385887146
4 0.3027675946553548 0.6733396053314209 0.33339977264404297 0.03129839897155762
5 0.6263020833333334 0.67724609375 0.049479166666666664 0.0341796875
6 0.7981770833333334 0.68017578125 0.11979166666666667 0.0380859375
4 0.2936197916666667 0.579833984375 0.3033854166666667 0.02685546875
5 0.6263020833333334 0.580810546875 0.049479166666666664 0.03271484375
6 0.7955994208653768 0.5827633142471313 0.11874969800313313 0.03773796558380127
4 0.3118489583333333 0.517822265625 0.3346354166666667 0.027851462364196777
5 0.6227213541666666 0.518798828125 0.047526041666666664 0.03369140625
6 0.8020833333333334 0.5205078125 0.09895833333333333 0.03515625
4 0.28968169291814166 0.4282229095697403 0.28521994749705 0.03228345513343811
5 0.6227213541666666 0.42822265625 0.047526041666666664 0.0341796875
6 0.798828125 0.4287109375 0.09895833333333333 0.03515625
4 0.3167317708333333 0.339599609375 0.3248697916666667 0.02785205841064453
5 0.6243489583333334 0.340087890625 0.048177083333333336 0.03271484375
6 0.7981770833333334 0.338623046875 0.09765625 0.03173828125
4 0.2966452205882353 0.8728170955882353 0.3484987745098039 0.03389246323529416
5 0.6275275735294118 0.8797104779411764 0.045189950980392135 0.03159466911764708
6 0.8044577205882352 0.8828699448529411 0.12025122549019611 0.03446691176470584
