0 0.5003462987588653 0.03298495678191489 0.10458222517730498 0.03272523271276596
1 0.2867838541666667 0.298095703125 0.3079427083333333 0.02978515625
2 0.26920626560846966 0.3310517519712448 0.2755168676376343 0.03227916359901428
3 0.7698567708333334 0.293212890625 0.24283854166666666 0.03271484375
7 0.7876774407679737 0.9098642386642157 0.23908547794117663 0.037655101102941235
8 0.7702127695083618 0.9438473284244537 0.26829012235005695 0.03426474332809448
4 0.3700086805555555 0.6964731543671852 0.47699652777777773 0.03360087263817879
6 0.8515625 0.69873046875 0.10677083333333333 0.0361328125
5 0.6436809324750713 0.42926316459973657 0.06241346184724287 0.029954062957389616
4 0.2734375 0.800048828125 0.2942708333333333 0.02978515625
5 0.6490885416666666 0.801025390625 0.07421875 0.03857421875
6 0.8544921875 0.80224609375 0.107421875 0.0361328125
4 0.3521497140522876 0.6283222273284313 0.4386744281045752 0.0320350796568627
6 0.8408203125 0.628662109375 0.123046875 0.03466796875
4 0.3346354166666667 0.527587890625 0.4088541666666667 0.02880859375
5 0.6435546875 0.527099609375 0.072265625 0.03369140625
6 0.8466796875 0.527587890625 0.10872395833333333 0.03466796875
4 0.37163628472222215 0.4286726409313726 0.4737413194444444 0.029220281862745112
6 0.8336588541666666 0.4267578125 0.12044270833333333 0.03515625
5 0.6397824754901961 0.6285424325980392 0.054891748366013106 0.03159466911764697
5 0.6448886846405228 0.6969975490196079 0.07021037581699348 0.03255208333333337
