0 0.49839695202915574 0.127178855240345 0.9387246647822686 0.051433729736701295
2 0.29203872996218067 0.31916940387557535 0.11874116752661908 0.029055493719437497
3 0.2791053921568627 0.3504997702205882 0.09099264705882348 0.030732996323529438
7 0.9331341911764707 0.726907169117647 0.1309742647058824 0.03504136029411764
8 0.9116881127450981 0.7613740808823529 0.16773897058823536 0.036190257352941124
4 0.1640625006208817 0.4462890625 0.31523116305470467 0.03327447175979614
5 0.5631510416666666 0.44482421875 0.07942708333333333 0.0322265625
6 0.8736979166666666 0.441162109375 0.1265096664428711 0.03772926330566406
4 0.25574448529411764 0.6533468891592586 0.5114889705882353 0.029358611387364952
6 0.8707682291666666 0.65625 0.14908854166666666 0.0341796875
4 0.18199622631072998 0.5136739015579224 0.35878411928812665 0.034238219261169434
5 0.5631510416666666 0.512939453125 0.07942708333333333 0.03271484375
6 0.8629557291666666 0.511474609375 0.14127604166666666 0.03369140625
4 0.2561274509803922 0.5832950367647058 0.5122549019607844 0.029296875
6 0.8661837975184122 0.5822757184505463 0.14924979209899902 0.0367317795753479
5 0.5643382352941176 0.5838694852941176 0.07659313725490195 0.029296875
5 0.5608915441176471 0.6533777573529411 0.07582720588235296 0.029296875
1 0.3406862745098039 0.2880284926470588 0.2159926470588235 0.03274356617647056
