0 0.4477088874113475 0.03636136968085106 0.06302637411347518 0.02077792553191489
1 0.3171591819860996 0.1918457918442213 0.1894997450021597 0.023797899484634427
2 0.3073667868589744 0.21336951622596156 0.16902043269230768 0.02206655649038461
3 0.6088366386217948 0.19749098557692307 0.14951422275641021 0.02189753605769232
7 0.6188151041666666 0.962890625 0.138671875 0.0224609375
8 0.609375 0.98388671875 0.16276041666666666 0.0224609375
4 0.36796374198717946 0.6926474960950705 0.2907151442307692 0.020354046271397586
6 0.6555989583333334 0.692138671875 0.06510416666666667 0.02490234375
4 0.3680676787490085 0.3141790765738526 0.28602776306935884 0.02302981227782669
6 0.6461588541666666 0.316162109375 0.07486979166666667 0.02490234375
4 0.3647943846332656 0.2540601263045289 0.28980396122992264 0.024833537284559143
6 0.6461588541666666 0.25732421875 0.07486979166666667 0.0234375
4 0.3683143028846154 0.5722562670707703 0.287510016025641 0.021690891339228746
6 0.6510166266025641 0.5725191556490385 0.0651542467948718 0.023982121394230727
4 0.3108273943265279 0.901610791683197 0.18563687801361084 0.02499079704284668
5 0.5369716546474358 0.9009070763221154 0.04409555288461534 0.021690955528846034
6 0.6579190293947855 0.9003760814666748 0.06744746367136638 0.027630925178527832
4 0.3708352622313377 0.4530918678412071 0.2849721037424527 0.02057407681758583
6 0.6461588541666666 0.45361328125 0.07486979166666667 0.0244140625
4 0.36788196517870975 0.7759537009092479 0.2958867106682215 0.021823066931504376
6 0.6569027503331503 0.774401068687439 0.06948081652323405 0.027619361877441406
4 0.3686445447114797 0.3939390698304543 0.2818415195513994 0.020565369954475998
6 0.6461588541666666 0.395263671875 0.080078125 0.02685546875
4 0.3689277844551282 0.6524609327316284 0.2912910657051282 0.01997296626751255
6 0.6549479166666666 0.652099609375 0.06640625 0.02392578125
4 0.3639448116987179 0.5325739933894231 0.2762169471153845 0.020301231971153855
6 0.6520182291666666 0.53271484375 0.06575520833333333 0.0244140625
4 0.3647711338141026 0.8599616541312292 0.2945963541666667 0.021888590776003358
6 0.6591796875 0.85888671875 0.06575520833333333 0.0244140625
4 0.3628726907265492 0.7345437843065996 0.2821171986751067 0.022010688598339434
6 0.6569010416666666 0.733154296875 0.06770833333333333 0.02783203125
4 0.35735418781256073 0.35465285067374885 0.26185412437487865 0.022139611152502237
5 0.5281700721153846 0.3556377704326923 0.03220152243589743 0.02114633413461542
6 0.6458321015040079 0.3559686094522476 0.07713532447814941 0.027590900659561157
4 0.3689277844551282 0.6120087091739361 0.2900390625 0.020123206652127856
6 0.6549479166666666 0.612060546875 0.06640625 0.02490234375
4 0.36566476714916724 0.8185351055402021 0.29531309390679383 0.022109476419595597
6 0.658203125 0.817138671875 0.06770833333333333 0.02490234375
4 0.3655598958333333 0.49267578125 0.2779947916666667 0.01953125
5 0.5330904447115384 0.4926288311298077 0.04559795673076924 0.018498347355769218
6 0.6526703834533691 0.4931507706642151 0.06866947809855144 0.027626395225524902
5 0.5337385561579379 0.25688268783244683 0.04056810045008182 0.023343999335106363
5 0.5274063501602564 0.3154860276442307 0.03317808493589743 0.019719050480769218
5 0.5289713541666666 0.45375413161057687 0.03130008012820514 0.0173715444711538
5 0.5346053685897436 0.5328650841346154 0.04382011217948715 0.018780048076923128
5 0.5299103565705128 0.572303185096154 0.03067407852564104 0.021597055288461564
5 0.531475360576923 0.6117412860576923 0.03505608974358972 0.019719050480769273
5 0.531475360576923 0.652587890625 0.03380408653846153 0.019719050480769273
5 0.5358573717948718 0.6929649939903846 0.046324118589743536 0.019719050480769273
5 0.5349183693910257 0.7340463491586539 0.044446113782051246 0.02018855168269229
5 0.5333533653846153 0.7765362079326923 0.03380408653846153 0.02253605769230771
5 0.5324143629807693 0.8185565655048077 0.03943810096153847 0.021127554086538547
5 0.5321013621794871 0.8598726712740385 0.03756009615384611 0.022066556490384692
5 0.5294353945035462 0.39426113696808507 0.031166888297872324 0.021816821808510634
