0 0.3885443890209061 0.1812607204116638 0.5656269658493104 0.039279588336192134
2 0.3835663470460872 0.40063703448653837 0.11780389730900097 0.035775673737043434
3 0.37716362511599133 0.43686213550600345 0.10586452211568202 0.034080188679245345
7 0.8370579853995902 0.812160249189897 0.12424468493852459 0.04613404707475142
8 0.8275409836065574 0.8537642045454545 0.14032786885245901 0.041335227272727273
4 0.1660506706408346 0.5474431818181819 0.1160655737704918 0.03579545454545455
5 0.5288524590163934 0.5443181818181818 0.07147540983606557 0.0375
6 0.8324865122310451 0.5462982177734375 0.12147228803790984 0.04275928844105114
4 0.2846433295578253 0.5824471907182174 0.35038547203189035 0.04107152765447443
6 0.8311471407530737 0.5829631805419921 0.1161859631147541 0.03878957575017756
4 0.2949180327868852 0.6212984952059659 0.3708196721311475 0.03581210049715909
6 0.8311478211449795 0.6201620275324041 0.11879490586577869 0.04276351928710938
4 0.27448584202682563 0.6974367252066115 0.33329359165424743 0.038365185950413085
5 0.5298360655737705 0.696875 0.07868852459016394 0.036931818181818184
6 0.8216393442622951 0.696590909090909 0.14032786885245901 0.042045454545454546
1 0.4338076090318589 0.3633147512864494 0.220228889576245 0.037521440823327624
5 0.5299180327868852 0.5823863636363636 0.07295081967213114 0.03409090909090909
5 0.5315573770491804 0.6207386363636364 0.07131147540983607 0.03409090909090909
