0 0.318359375 0.32666015625 0.55078125 0.0302734375
1 0.3580309139784947 0.47853925151209675 0.22093413978494625 0.030320690524193505
2 0.3079742103494623 0.5090883316532258 0.12363491263440866 0.030651461693548376
3 0.2932732694892473 0.5405037172379032 0.10053343413978492 0.029249621975806384
7 0.9178488152001494 0.739056404559843 0.1009623158362604 0.03694515458999148
8 0.9109963037634409 0.7731382308467742 0.11676747311827966 0.03493573588709664
4 0.21350967635711035 0.6374510228633881 0.36334523061911267 0.03177374601364136
5 0.5810546875 0.636474609375 0.07486979166666667 0.03369140625
6 0.8714192708333334 0.638671875 0.138671875 0.0341796875
4 0.20377604166666666 0.6699241995811462 0.3489583333333333 0.032268524169921875
5 0.5817057291666666 0.66943359375 0.07877604166666667 0.037109375
6 0.887642809139785 0.672544417842742 0.11794354838709682 0.034793976814516125
