0 0.3581206354440427 0.24220361166140614 0.5664250944174972 0.04208185567575343
2 0.35598575367647056 0.44509229473039214 0.12207669526143798 0.030847886029411742
3 0.3505240922270257 0.4789175902511559 0.10746897240869362 0.034045946948668526
7 0.8466796875 0.815673828125 0.12565104166666666 0.03369140625
8 0.8359375 0.85009765625 0.14713541666666666 0.0341796875
4 0.2765997023809524 0.7147954915251051 0.3891369047619047 0.03218357052121845
6 0.8313809519722347 0.7139991777283805 0.15122916584923166 0.03597826617104671
4 0.2747395833333333 0.6122495446886336 0.3854166666666666 0.03219733919416157
6 0.8307291666666666 0.609375 0.1484375 0.0341796875
4 0.21651785714285712 0.6476004464285714 0.2700892857142857 0.032924107142857206
5 0.5198567708333334 0.646484375 0.080078125 0.033203125
6 0.8421223958333334 0.64306640625 0.123046875 0.03515625
4 0.273344494047619 0.5457750899451119 0.3826264880952381 0.03400785582406174
6 0.8268229166666666 0.53955078125 0.1484375 0.0341796875
4 0.2654389880952381 0.680788551058088 0.3668154761904761 0.03741843359810959
6 0.8410063244047619 0.6768973214285714 0.12341889880952372 0.035435267857142794
4 0.2738095238095238 0.5782140748841422 0.3835565476190476 0.03051381451742985
6 0.8287760416666666 0.574951171875 0.15125719706217447 0.03672957420349121
1 0.4131944444444445 0.41360294117647056 0.23488562091503273 0.032552083333333315
5 0.5176711309523809 0.5449916294642857 0.08184523809523807 0.03278459821428581
5 0.5181361607142857 0.5777762276785714 0.0827752976190476 0.0313895089285714
5 0.5186011904761904 0.6119559151785714 0.08742559523809527 0.0341796875
5 0.5199962797619047 0.6789202008928571 0.0809151785714286 0.0341796875
5 0.5218563988095237 0.7151925223214285 0.0827752976190476 0.0341796875
