0 0.4945798197751323 0.0727823023935632 0.9305658895502646 0.034246903149381516
1 0.3436079801075042 0.22671544977596828 0.22045008719913542 0.03490411383765085
2 0.29298941798941797 0.2600523933531746 0.11714616402116403 0.028723338293650785
3 0.28246941137566134 0.2910311259920635 0.09610615079365077 0.030226934523809534
7 0.935546875 0.769287109375 0.1226030985514323 0.03773379325866699
8 0.9261067708333334 0.8046875 0.142578125 0.03515625
4 0.17550543300368918 0.6697419195894211 0.3472364884899762 0.033904057646554575
5 0.576171875 0.66748046875 0.08203125 0.0361328125
6 0.8756510416666666 0.667724609375 0.14453125 0.03369140625
4 0.06966145833333333 0.458251953125 0.11979166666666667 0.02978515625
5 0.5732421875 0.456298828125 0.076171875 0.03173828125
6 0.8785807291666666 0.456298828125 0.119140625 0.03369140625
4 0.16598448964456716 0.5974117815494537 0.3164685207108657 0.033763110637664795
5 0.5745442708333334 0.59521484375 0.07877604166666667 0.033203125
6 0.8720703125 0.595947265625 0.14409557978312174 0.0367354154586792
4 0.19129257605820105 0.3903769841269842 0.3590649801587302 0.03304811507936506
5 0.5725911458333334 0.388427734375 0.07747395833333333 0.03173828125
6 0.8636067708333334 0.386962890625 0.14518229166666666 0.03466796875
4 0.20019531870881715 0.527099609375 0.38228947669267654 0.03177165985107422
5 0.5738932291666666 0.525390625 0.07486979166666667 0.033203125
6 0.8792317708333334 0.525146484375 0.12064329783121745 0.03871285915374756
