0 0.5146116580715736 0.23579514841883076 0.5828514872115433 0.03272947395777214
1 0.42107273705961 0.39327614870931793 0.21546769460505974 0.02868765234976672
2 0.3692894723133823 0.42425822277720376 0.11190116511260433 0.02980103065991391
3 0.36313833758747033 0.45550700855816706 0.09265336597732278 0.03144783239621596
7 0.8316490423850948 0.8324607163910422 0.11981038703964154 0.03359469584123012
8 0.8218284999458397 0.8673429382200031 0.1453152451036051 0.0361697478166915
4 0.29337049191713993 0.7034697616044319 0.37679498532756855 0.03042538491281225
6 0.828875171467764 0.7063094641962945 0.11865569272976681 0.03455182774161242
4 0.2942386831275721 0.7351628708886114 0.3785313677484329 0.03042538491281225
6 0.8295610425240055 0.7371056584877316 0.12437189884473594 0.03829132370430646
4 0.29145613029813683 0.6419968760065038 0.3771509437238457 0.02913416771468513
6 0.8281893004115226 0.6434651977966951 0.11728395061728394 0.03104656985478217
4 0.2917079057491622 0.5494053349790805 0.3749110104009307 0.02922949154992369
6 0.8155292359235683 0.5495739947812344 0.14420238018689988 0.03768091101495994
4 0.2921420013543783 0.6726681316661998 0.37577920161136286 0.02737470184955041
6 0.8275026758348337 0.6740186879440254 0.1202750918960048 0.03521817149552454
4 0.29293639631192375 0.5795497043032902 0.3741904116962719 0.031059247098495935
6 0.8168833264751315 0.5820574204147647 0.14150223663521372 0.0348069549500774
5 0.5247434494973173 0.5494412504833199 0.07205987046587133 0.029157660541444985
5 0.5256116407077495 0.5795497043032902 0.07726901772846463 0.02979152272712856
5 0.5234411626816691 0.6419851295931238 0.06945529683457483 0.0291576605414451
5 0.5238752582868851 0.6736782388773033 0.07379625288673582 0.03042538491281225
5 0.5247434494973173 0.70315283051159 0.07379625288673565 0.029791522727128674
5 0.52778211873383 0.7335782154244024 0.07466444409716798 0.03105924709849582
