0 0.5073252137461122 0.09648445742658171 0.832325245167042 0.031235128665228745
1 0.37722685091106145 0.24068541076125538 0.19135677030413867 0.02936745064991443
2 0.3325374246426878 0.2685028195408563 0.10197791776739144 0.0288210582701494
3 0.32345809373220585 0.2982289567477504 0.08551267869248183 0.029538431384108697
7 0.8568211068211068 0.8833090732654052 0.11904761904761904 0.029597282872392043
8 0.8490990990990991 0.9104803493449781 0.13706563706563707 0.029597282872392043
4 0.314028314028314 0.6225485389019965 0.4362934362934362 0.02919491126620795
6 0.8227155727155727 0.6217855409995148 0.12162162162162163 0.029597282872392043
4 0.23105270798141891 0.44371652394923583 0.2677682216256435 0.027680228139404416
5 0.5756113256113257 0.44517224648229015 0.06756756756756757 0.028626880155264434
6 0.824002574002574 0.44468704512372637 0.12162162162162163 0.029597282872392043
4 0.14157014157014158 0.7416302765647744 0.10424710424710425 0.027656477438136828
5 0.574002574002574 0.7396894711305192 0.06435006435006435 0.027656477438136828
6 0.8330412365141369 0.7411446013767589 0.10764032901484073 0.033633006770075205
4 0.3140113798008535 0.5634336934038152 0.44140757298652034 0.02740110830205058
6 0.8252895752895753 0.5640465793304221 0.12162162162162163 0.026686074721009218
4 0.2487129987129987 0.38452207666181465 0.3056628056628057 0.02767738516269408
5 0.574967824967825 0.3864628820960699 0.06885456885456885 0.03153808830664726
6 0.8252895752895753 0.38597768073750605 0.11904761904761904 0.03056768558951965
4 0.21077915815159468 0.681708204925552 0.23494312968800274 0.03112111838913149
5 0.5733590733590733 0.6802523047064531 0.0694980694980695 0.03202328966521106
6 0.8233590733590733 0.6826783114992722 0.12033462033462033 0.031052886948083454
4 0.222007722007722 0.5029112081513828 0.2471042471042471 0.025715672003881612
5 0.5756113256113257 0.5036390101892285 0.06756756756756757 0.02911208151382824
6 0.824002574002574 0.5041242115477923 0.12162162162162163 0.030082484230955848
4 0.25611325611325614 0.7996143265177705 0.323037323037323 0.02915662148229015
5 0.5727155727155727 0.7979136341581756 0.06435006435006435 0.029597282872392043
6 0.8333333333333334 0.8000970402717128 0.10296010296010295 0.03202328966521106
5 0.5740872451398766 0.62150463494982 0.06011650748492855 0.026175336448836725
5 0.5736638894533631 0.5637273679103144 0.06265664160401009 0.026813759289052344
