0 0.4704706101190476 0.10764287895970531 0.7938058035714285 0.030731896301368633
1 0.3409352022058824 0.24257290976888995 0.18332567401960784 0.027147378991631915
2 0.29753285208169156 0.26773710461223826 0.09856174681700909 0.026221562834346956
3 0.2902569957807952 0.2949560740414787 0.08553993000703693 0.030377373975865984
7 0.8117915134803922 0.8599781709558824 0.10405177696078427 0.02855009191176472
8 0.8016812193627452 0.8898494944852942 0.11929381127450982 0.028894761029411797
4 0.2513020833333333 0.6015625 0.3671875 0.029358983039855957
5 0.5247395833333334 0.603759765625 0.06510416666666667 0.02490234375
6 0.765625 0.606689453125 0.1171875 0.02880859375
4 0.23669147491455078 0.4328634738922119 0.3262475331624349 0.028872907161712646
5 0.5276692708333334 0.434326171875 0.064453125 0.02783203125
6 0.7669270833333334 0.435791015625 0.1171875 0.02880859375
4 0.2756587009803922 0.7150763273239136 0.421109068627451 0.02883172035217285
6 0.765625 0.720947265625 0.11458333333333333 0.02783203125
4 0.19006630529959997 0.5446746349334717 0.23965905606746674 0.02789306640625
5 0.525390625 0.547607421875 0.06640625 0.02880859375
6 0.7740885416666666 0.549560546875 0.10286458333333333 0.03076171875
4 0.182255653043588 0.37548863887786865 0.221426193912824 0.02937072515487671
5 0.5283203125 0.378662109375 0.06315104166666667 0.02880859375
6 0.765625 0.379150390625 0.11458333333333333 0.02783203125
4 0.1875 0.658447265625 0.23958333333333334 0.02587890625
5 0.5240885416666666 0.660400390625 0.06640625 0.02783203125
6 0.7740885416666666 0.662353515625 0.10026041666666667 0.02783203125
4 0.2792606030901273 0.48982250076882977 0.4185008526432748 0.030120623462340457
6 0.775390625 0.492919921875 0.09765625 0.02783203125
4 0.27249923406862747 0.7752326516544117 0.42130055147058826 0.028004365808823484
6 0.7656257549921671 0.7785574495792389 0.12133383750915527 0.033842384815216064
5 0.5256587009803921 0.717141544117647 0.05744485294117648 0.02699908088235292
5 0.5248927696078431 0.7754480698529411 0.06357230392156869 0.026424632352941124
5 0.5262107683982684 0.49112215909090906 0.07017721861471864 0.029804180194805185
