0 0.49440953351449285 0.17619617153768954 0.822152400362319 0.03407165148983832
1 0.35989985579536077 0.3180986079689744 0.1905763706603608 0.027078961010103042
2 0.31830864448051943 0.3439215781626763 0.10803909632034632 0.026163540103218752
3 0.31023843844473625 0.3726595913047914 0.09035916207156658 0.027027611221585923
7 0.84375 0.903076171875 0.12239583333333333 0.02978515625
8 0.834373308982684 0.9317611099837663 0.14114921536796535 0.027102780032467466
4 0.203125 0.690673828125 0.24479166666666666 0.02587890625
5 0.5533854166666666 0.693115234375 0.06770833333333333 0.02880859375
6 0.8059589068094889 0.6962895095348358 0.1251819928487142 0.033336341381073
4 0.29927624458874463 0.5155742694805194 0.4318858225108226 0.025289163961038974
6 0.8063151041666666 0.516845703125 0.12434895833333333 0.02978515625
4 0.2571920640927889 0.8103677123397975 0.3604805904291409 0.03305414512559968
5 0.552734375 0.81396484375 0.07161458333333333 0.033203125
6 0.8076487382253011 0.8185962736606598 0.12855450312296549 0.03486114740371704
4 0.295270202737866 0.6323037279116643 0.43313383694851043 0.030263688657190868
6 0.8076171875 0.636474609375 0.12434895833333333 0.02978515625
4 0.29862520292207795 0.45644145642782186 0.4331879058441559 0.028142858248252356
6 0.8056640625 0.457275390625 0.123046875 0.02978515625
4 0.295270443639972 0.7504265652848529 0.43313335514429846 0.031183192482242328
6 0.8069982926050822 0.7578118443489075 0.12726775805155435 0.03338468074798584
4 0.2872108360389611 0.573131148304258 0.4103591720779221 0.028123864105769614
6 0.8066086769104004 0.5761723518371582 0.12649138768513998 0.03235816955566406
5 0.5570718344155844 0.4571961241883117 0.06510416666666667 0.02917004870129869
5 0.5558035714285715 0.5164874188311688 0.06256764069264069 0.025999391233766267
5 0.5515760281385281 0.5735592532467533 0.07609577922077919 0.02853591720779214
5 0.5519987824675324 0.6325334821428572 0.06679518398268391 0.02726765422077926
5 0.5528442911255411 0.751750202922078 0.06510416666666667 0.03107244318181812
