0 0.5209804227192709 0.07466816554099352 0.5405262210492912 0.027791343688746886
1 0.43552708557269243 0.19313177304877774 0.20942101567201304 0.026272522239444207
2 0.38552023337065067 0.21836445565408008 0.11207890478581113 0.022660283903678805
3 0.3777091729273214 0.24089335259126232 0.09895988752339901 0.02445561690415376
7 0.8184039087947883 0.9281204468188441 0.11074918566775244 0.028169014084507043
8 0.8021172638436482 0.9536182612918893 0.1498371335504886 0.026711996114618747
4 0.314619658938494 0.5007999314344485 0.34585169572715085 0.02345513241722136
6 0.8090390879478827 0.5009713453132588 0.10830618892508144 0.027683341427877612
4 0.31893082966085456 0.8097258516234322 0.354474037171872 0.023836014948718655
6 0.8175895765472313 0.8098591549295775 0.11237785016286644 0.026711996114618747
4 0.3203678865683081 0.7380582204979528 0.35734815098677913 0.02318361899895192
6 0.8167752442996743 0.7379796017484216 0.11400651465798045 0.026711996114618747
4 0.2807297634425166 0.28782963709834913 0.2929187064930086 0.026574820023797113
5 0.5313517915309446 0.2901894123360855 0.07084690553745929 0.02476930548810102
6 0.8053745928338762 0.2901894123360855 0.11237785016286644 0.026711996114618747
4 0.317493772753401 0.5942347798760106 0.35159992335696494 0.022855183841384998
6 0.8013029315960912 0.5942204953861098 0.13192182410423453 0.026711996114618747
4 0.3152423835983905 0.45483244293346287 0.34843839816056726 0.022826614861583293
6 0.8070032573289903 0.4558037882467217 0.11237785016286644 0.026711996114618747
4 0.30518298524621573 0.38382904233208587 0.32831960145621775 0.02427403543981947
6 0.8070032573289903 0.38489558037882465 0.11237785016286644 0.026711996114618747
4 0.3176374784441464 0.7617611099991652 0.35514466372868364 0.027202003639643414
6 0.8167752442996743 0.7617775619232637 0.11400651465798045 0.026711996114618747
4 0.3107396052883694 0.3129494034439905 0.35169572715079517 0.02433117339942288
6 0.7968241042345277 0.31253035454103933 0.1262214983713355 0.023797960174842158
4 0.3192661429392604 0.6908836385452676 0.3518873347384556 0.023826529154643863
6 0.8151465798045603 0.6898980087421078 0.11400651465798045 0.026711996114618747
4 0.249185667752443 0.5473530840213696 0.21172638436482086 0.022340942204953862
5 0.5346091205211726 0.5473530840213696 0.07084690553745929 0.02428363283147159
6 0.8098534201954397 0.5485672656629432 0.10993485342019543 0.026711996114618747
4 0.30968576355623684 0.8573979373196584 0.3327265759724085 0.025626374882152952
6 0.8192182410423453 0.8574550752792618 0.11237785016286644 0.027683341427877612
4 0.3142843456600881 0.40743887340348506 0.34843839816056715 0.025050259363929506
6 0.8061889250814332 0.4086935405536668 0.11074918566775244 0.026711996114618747
4 0.30994988328356654 0.3361550446554916 0.3532751711604009 0.027058536235398563
6 0.7976384364820847 0.3375424963574551 0.1278501628664495 0.023312287518212724
4 0.318308105000958 0.6417021398165872 0.34997125886185093 0.021626717709910565
6 0.8021172638436482 0.6415735794074794 0.13371987606881108 0.030269524609944146
5 0.5311362329948266 0.3125446390309402 0.0737689212492814 0.022855183841385053
5 0.5316152519639779 0.33825672085249836 0.07855911094079328 0.02514070222552352
5 0.5306572140256754 0.3839670885352684 0.07281088331097908 0.022855183841384998
5 0.5316152519639779 0.4076793417707054 0.07472695918758382 0.02685484101362744
5 0.5335313278405825 0.45567522783761394 0.07281088331097908 0.023426563437419657
5 0.5340103468097337 0.5008142159243494 0.06993676949607204 0.02228380424535045
5 0.5354474037171871 0.5948061594720453 0.07089480743437444 0.023997943033454313
5 0.5359264226863384 0.6910836214038797 0.07185284537267676 0.023426563437419657
5 0.5354474037171871 0.7376510584807018 0.07281088331097908 0.02285518384138511
5 0.5349683847480361 0.7616490015141559 0.07760107300249096 0.023997943033454313
5 0.5344893657788848 0.8099305773790817 0.07472695918758382 0.023426563437419657
5 0.5383215175320942 0.8576407736479731 0.07281088331097908 0.026283461417592836
5 0.5363971108908087 0.6410562324471566 0.07293584478119249 0.021960850560635143
