0 0.393421870405956 0.19477234401349072 0.5301712393232872 0.03657079721314643
1 0.4368479076888519 0.3786924818626447 0.2126094332819049 0.033529810404879415
2 0.38878255725718014 0.41499714257365145 0.11603115426146482 0.035518735398735346
3 0.3777761029042308 0.45104490078958565 0.09548257047769355 0.032768067747815925
7 0.8389999782106724 0.7950163373997092 0.12121029144023551 0.03932436186404345
8 0.8312244704936542 0.8357013023172737 0.14030809791507806 0.03570471702573639
4 0.27454335202452956 0.6354697078985736 0.29608227647157653 0.03548657404967678
5 0.534471853257432 0.6374367622259697 0.07337128399746995 0.03709949409780776
6 0.8251106894370651 0.6399662731871838 0.13851992409867173 0.03766160764474424
4 0.2922201138519924 0.5250140528386734 0.3289057558507274 0.03035413153456998
5 0.5330560581321802 0.5270108631711047 0.07493785211008627 0.0331058734329451
6 0.8206831119544592 0.5255761663856099 0.1361058504803131 0.03833296005480607
4 0.2944339025932954 0.6739741427768409 0.338393421884883 0.03487244853147836
5 0.534471853257432 0.6750983698707139 0.07337128399746995 0.03709949409780776
6 0.8353480191726222 0.6795507337052122 0.12330795438087813 0.040745570734249344
4 0.2893738188674222 0.5609893198426082 0.3309300595789601 0.03601849595102586
5 0.5342856467277898 0.5614647523285685 0.07566487553719103 0.03572310391745856
6 0.8216028086826969 0.5635194826688975 0.13679464823984028 0.04010033781706717
