0 0.43673551472124755 0.04492087639747302 0.4777010243674485 0.01676545538524104
1 0.42211475983405805 0.16264430895561033 0.15410439679445523 0.016243177679450858
2 0.389626130854201 0.17723121362728855 0.09079322237216975 0.013406397349305436
3 0.38076256643508105 0.19150418418928675 0.0751986804618384 0.01629497472494796
7 0.814685693340664 0.9504439063761096 0.10703753686209816 0.01916656046896892
8 0.8064353959268552 0.9649324510046966 0.1202059646148587 0.017376081806077647
4 0.34283000949667614 0.26731234866828085 0.2943969610636277 0.018401937046004842
5 0.5792972459639126 0.26731234866828085 0.05887939221272555 0.020338983050847456
6 0.7763532763532763 0.26731234866828085 0.10351377018043685 0.020338983050847456
4 0.33760683760683763 0.8845073561402845 0.32193732193732194 0.02185844809322034
5 0.5750237416904084 0.8864406779661017 0.06362773029439696 0.021791767554479417
6 0.7882241215574549 0.8864406779661017 0.0949667616334283 0.023728813559322035
4 0.35090218423551756 0.2973365617433414 0.3067426400759734 0.018401937046004842
5 0.5778727445394112 0.2973365617433414 0.06172839506172839 0.020338983050847456
6 0.7844254510921178 0.29782082324455206 0.09116809116809117 0.01937046004842615
4 0.3483239199613469 0.4925236820865724 0.30810049815897766 0.017373943332908582
5 0.5769230769230769 0.4927360774818402 0.05982905982905983 0.021791767554479417
6 0.7825261158594492 0.492736062703352 0.09757336275077161 0.026946060882642252
4 0.345679012345679 0.6927360774818402 0.31339031339031337 0.019854721549636804
5 0.5759734093067427 0.6932203389830508 0.06172839506172839 0.020823244552058112
6 0.7801519468186134 0.6932203389830508 0.10351377018043685 0.020823244552058112
4 0.33760683760683763 0.9171912832929782 0.32193732193732194 0.020368540027239708
5 0.5750237416904084 0.9186440677966101 0.06362773029439696 0.021307506053268765
6 0.7887017955580781 0.9191146739747276 0.09648180143785613 0.023534210426755447
4 0.30013245364122554 0.3275179474109001 0.20505323136902082 0.016150545856165897
5 0.5778727445394112 0.3276029055690073 0.06172839506172839 0.020823244552058112
6 0.7763532763532763 0.32832929782082326 0.10351377018043685 0.01937046004842615
4 0.34624131553956117 0.5391690886793918 0.31226570700254913 0.018060364181773307
5 0.5769230769230769 0.5389830508474577 0.05982905982905983 0.020338983050847456
6 0.7763532763532763 0.5394673123486683 0.10351377018043685 0.01937046004842615
4 0.349002849002849 0.35786924939467313 0.3067426400759734 0.018401937046004842
5 0.5778727445394112 0.35786924939467313 0.06172839506172839 0.020338983050847456
6 0.7825261158594492 0.3583535108958838 0.0949667616334283 0.02324455205811138
4 0.3418803418803419 0.7564164648910412 0.31339031339031337 0.01937046004842615
5 0.5769230769230769 0.7569007263922518 0.06362773029439696 0.020338983050847456
6 0.7811016144349477 0.7573849878934624 0.10541310541310542 0.01937046004842615
4 0.3475783475783476 0.5694915254237288 0.30959164292497626 0.018401937046004842
5 0.5778727445394112 0.5692493946731235 0.06172839506172839 0.020823244552058112
6 0.7844254510921178 0.5704600484261502 0.08736942070275404 0.020338983050847456
4 0.3499900034987754 0.3886410942610764 0.30476833108412055 0.016906673463319383
5 0.5778727445394112 0.38861985472154964 0.06172839506172839 0.021791767554479417
6 0.7834757834757835 0.38789346246973366 0.0892687559354226 0.020338983050847456
4 0.34915696173006117 0.6002846098296589 0.30643441462154913 0.018801240389108388
5 0.5769230769230769 0.6004842615012107 0.05982905982905983 0.020338983050847456
6 0.785375118708452 0.6009685230024213 0.0892687559354226 0.01937046004842615
4 0.34915696173006117 0.4185506138226923 0.30643441462154913 0.018104583492629913
5 0.5778727445394112 0.41840193704600487 0.06172839506172839 0.020338983050847456
6 0.7834757834757835 0.41840193704600487 0.0892687559354226 0.020338983050847456
4 0.34140550807217473 0.8208232445520581 0.3181386514719848 0.01937046004842615
5 0.5750237416904084 0.8208232445520581 0.06362773029439696 0.021307506053268765
6 0.7811016144349477 0.8222760290556901 0.10541310541310542 0.020338983050847456
4 0.3499525166191833 0.23680387409200968 0.30864197530864196 0.018401937046004842
5 0.5778727445394112 0.23680387409200968 0.06172839506172839 0.020338983050847456
6 0.7834757834757835 0.23680387409200968 0.0892687559354226 0.020338983050847456
4 0.345679012345679 0.6305084745762712 0.31339031339031337 0.018401937046004842
5 0.5778727445394112 0.6312348668280872 0.06172839506172839 0.021791767554479417
6 0.7792022792022792 0.6317191283292978 0.10541310541310542 0.020823244552058112
4 0.34790739907698975 0.44822568744756486 0.30893353992769196 0.018833601648453813
5 0.5778727445394112 0.44842615012106535 0.06172839506172839 0.020338983050847456
6 0.7834757834757835 0.44842615012106535 0.0892687559354226 0.020338983050847456
4 0.3395061728395062 0.8525386191453541 0.3181386514719848 0.0208606636841707
5 0.5750237416904084 0.8537530266343826 0.06362773029439696 0.020338983050847456
6 0.7811016144349477 0.8547215496368039 0.10541310541310542 0.020338983050847456
