0 0.39515430123909656 0.029628550616434268 0.33740878882615455 0.018018713984522757
1 0.380712506316957 0.1547223244394575 0.10818064212799065 0.017006243978227864
2 0.35611236237344285 0.16951182803937365 0.06065473953882853 0.013933933206966925
3 0.34988494714101154 0.18466993847063606 0.04985808190845309 0.01709985520158494
7 0.637195226692018 0.9643578103610446 0.07140567756834477 0.019526566777910426
4 0.29966517857142855 0.8809697670595986 0.19773065476190474 0.01889193909508835
5 0.4745628720238095 0.8837890625 0.04231770833333326 0.01953124999999989
6 0.6227213541666666 0.8837890625 0.061848958333333336 0.0205078125
4 0.31542229794320603 0.5579387503010886 0.20620897554215925 0.019027633326394122
5 0.4791201636904761 0.5619070870535714 0.03878348214285713 0.01946149553571419
6 0.6222515390032813 0.5628029746668679 0.05944037437438957 0.020459898880549776
4 0.3179408482142857 0.41783588060310906 0.20210193452380953 0.018122881650924627
5 0.4830264136904761 0.4212820870535714 0.043061755952380855 0.018205915178571397
6 0.6279296875 0.423828125 0.06315104166666667 0.01953125
4 0.3286762620721544 0.23168345647198813 0.21690342823664346 0.017938890627452297
5 0.4880487351190476 0.23440987723214285 0.039527529761904656 0.018066406249999972
6 0.6321614583333333 0.23817661830357142 0.0600818452380952 0.0196010044642857
4 0.2943173363095238 0.8488681614398956 0.1870349702380952 0.018921043191637232
5 0.4738653273809524 0.8500627790178571 0.039992559523809534 0.02001953125
6 0.6226748511904762 0.8524693080357142 0.06510416666666667 0.02148437499999989
4 0.26515997023809523 0.8009905133928572 0.12351190476190473 0.017717633928571286
5 0.4745628720238095 0.8006766183035714 0.04045758928571427 0.019740513392856984
6 0.6215122767857143 0.8034319196428571 0.0609188988095238 0.021205357142856984
4 0.27678571428571425 0.7523716517857143 0.14583333333333334 0.01953125
5 0.4741443452380952 0.7529994419642856 0.04036458333333326 0.0181361607142857
6 0.6220703125 0.7548828125 0.06315104166666667 0.0205078125
4 0.32388647539275034 0.35727571376732414 0.2134621682621183 0.019963081393923054
5 0.4850260416666667 0.35986328125 0.041666666666666664 0.0205078125
6 0.6285370219321478 0.3621174139635903 0.0617503608976091 0.020742850644247857
4 0.3115234375 0.7041015625 0.21809895833333334 0.01953125
5 0.4740978422619048 0.7039969308035714 0.04045758928571419 0.019182477678571397
6 0.6165364583333334 0.70556640625 0.07161458333333333 0.0205078125
4 0.3257533482142857 0.3093610491071428 0.2125186011904762 0.018136160714285754
5 0.4849504573004586 0.31122535680021557 0.041073787780035044 0.02068544711385456
6 0.6321614583333334 0.314453125 0.06380208333333333 0.01953125
4 0.3093377976190476 0.6524016431399753 0.20442708333333326 0.018438901220049098
5 0.4757254464285714 0.655517578125 0.04092261904761907 0.019182477678571397
6 0.6220703125 0.65771484375 0.060546875 0.0205078125
4 0.3275136976015 0.2627936942236764 0.21457825955890467 0.019194977624075737
5 0.48758370535714285 0.2650320870535714 0.039527529761904656 0.01820591517857134
6 0.625760155064719 0.268222451210022 0.07195439225151416 0.020893267222813205
4 0.32333519345238093 0.4801548038210187 0.2136346726190476 0.016950437000819607
5 0.4816366944994246 0.4834836338247571 0.04026083719162702 0.0186633127076285
6 0.6208612351190476 0.4859793526785714 0.0705915178571428 0.019252232142857095
4 0.3241186425799415 0.3875570190804345 0.214857952935355 0.019389310053416597
5 0.4838677644729614 0.39120302242892124 0.04137905438741041 0.02116538371358595
6 0.6236979166666666 0.39306640625 0.07161458333333333 0.0205078125
