0 0.4916621709825235 0.0705435282129156 0.23573203058397266 0.027685921515345234
1 0.22406597266383207 0.2539252245679815 0.14739110431772598 0.029258925864037055
2 0.6645684533930839 0.2571955931947586 0.1626073308024846 0.02791266999346148
3 0.23903918593910567 0.28266634078735997 0.1797784543629234 0.030993781191237413
7 0.697515551080095 0.9201673231226333 0.09948352549938437 0.031756444180265464
8 0.6923993935821748 0.9486209160469948 0.11664181567252951 0.03094965726771237
4 0.24218750993410745 0.859375 0.22408531109491983 0.032299041748046875
5 0.5588897864023844 0.8618014752864838 0.06107044219970703 0.034565508365631104
6 0.7037760416666666 0.86572265625 0.08463541666666667 0.0322265625
4 0.2799479166666667 0.80517578125 0.28515625 0.025390625
5 0.5533854166666666 0.806396484375 0.041666666666666664 0.02978515625
6 0.6959348917007446 0.8102947771549225 0.10185074806213379 0.03485006093978882
4 0.2884114583333333 0.5656766295433044 0.2903645833333333 0.027882695198059082
5 0.5546875 0.567626953125 0.041666666666666664 0.02978515625
6 0.6953125 0.5703125 0.10310633977254231 0.03336679935455322
4 0.2896749675273895 0.4880375415086746 0.28783756494522095 0.02888748049736023
5 0.5553385416666666 0.490478515625 0.040364583333333336 0.02978515625
6 0.695312519868215 0.4921875149011612 0.10062579313913982 0.0333695113658905
4 0.2757161458333333 0.7509765625 0.279296875 0.025390625
5 0.5533854166666666 0.752197265625 0.041666666666666664 0.02978515625
6 0.7031258940696716 0.756093829870224 0.09018925825754802 0.03487581014633179
4 0.2776692708333333 0.6708984375 0.275390625 0.025390625
5 0.5540364583333334 0.673095703125 0.040364583333333336 0.02978515625
6 0.7018221418062845 0.6745705902576447 0.08757221698760986 0.035859763622283936
4 0.28483155369758606 0.4362763613462448 0.2755439480145772 0.02788439393043518
5 0.5576171875 0.439208984375 0.042317708333333336 0.02880859375
6 0.705078125 0.440185546875 0.08463541666666667 0.03076171875
4 0.2795862952868144 0.35888703167438507 0.2598378260930379 0.029359430074691772
5 0.5660807291666666 0.360595703125 0.056640625 0.02978515625
6 0.6979166666666666 0.362060546875 0.09895833333333333 0.03076171875
4 0.28674600025018054 0.6176760792732239 0.29369549949963886 0.02837538719177246
5 0.5546875 0.620361328125 0.041666666666666664 0.02880859375
6 0.6946614782015482 0.621826171875 0.10181200504302979 0.03291440010070801
