0 0.3704427083333333 0.043980189732142856 0.3249627976190475 0.015276227678571425
1 0.3613737055233546 0.15936060143368586 0.10872580323900494 0.016100225704056864
2 0.33589099702380953 0.17451476944344385 0.058314732142857095 0.015088764684540873
3 0.331938244047619 0.19034819837127415 0.0513392857142857 0.017601594328880282
7 0.6300688244047619 0.9449288504464286 0.06705729166666667 0.02001953124999989
4 0.3083612351190476 0.796875 0.21679687500000008 0.01953125
5 0.4658203125 0.7978515625 0.043619791666666664 0.021484375
6 0.6144438244047619 0.7993512834821428 0.06110491071428573 0.021693638392857095
4 0.30394345238095233 0.4861188616071428 0.19010416666666663 0.017578124999999944
5 0.46847098214285704 0.4861537388392857 0.04055059523809527 0.018903459821428492
6 0.6061197916666666 0.4854910714285714 0.055431547619047596 0.018136160714285643
4 0.31225743322145366 0.5908129215240479 0.21160864546185446 0.01745339802333279
5 0.4693545386904762 0.5914829799107142 0.04064360119047613 0.0175083705357143
6 0.6056082589285715 0.5924246651785714 0.07040550595238086 0.02050781249999989
4 0.31249999999999994 0.2120535714285714 0.21019345238095233 0.018136160714285726
5 0.46791294642857145 0.21334402901785715 0.03701636904761899 0.019042968749999972
6 0.6051432291666666 0.21309988839285715 0.06947544642857133 0.019531249999999972
4 0.31119791666666663 0.45566324463912417 0.21093749999999992 0.017105430364608765
5 0.46981956845238093 0.4556361607142857 0.03878348214285706 0.01785714285714285
6 0.6035779572668529 0.4554639075483594 0.0698158116567702 0.020294283117566703
4 0.30719866071428575 0.3193277418613434 0.19754464285714282 0.01703648056302748
5 0.4688895089285714 0.32156808035714285 0.04157366071428573 0.0181361607142857
6 0.6096075148809523 0.3214285714285714 0.06147693452380946 0.01981026785714285
4 0.29836309523809523 0.5613490513392856 0.18266369047619047 0.016392299107142905
5 0.46838000558671494 0.56130793264934 0.04259266739799861 0.017172081129891437
6 0.6103515625 0.5615931919642857 0.0627790178571428 0.019391741071428603
4 0.3134765625 0.5160784040178572 0.21010044642857137 0.016950334821428492
5 0.4684244791666667 0.5166364397321428 0.03878348214285706 0.019321986607142794
6 0.6053292410714285 0.5162527901785714 0.06910342261904752 0.01799665178571419
4 0.30371093749999994 0.4251534598214285 0.19335937499999992 0.017438616071428548
5 0.46795944940476186 0.42431640625 0.039713541666666595 0.017717633928571397
6 0.6091424851190476 0.42539760044642855 0.060546874999999924 0.021135602678571397
4 0.31096540178571425 0.6691196986607142 0.2151227678571428 0.017787388392857095
5 0.46847098214285715 0.6691196986607142 0.04241071428571427 0.01708984374999989
6 0.601376488095238 0.6696428571428571 0.07979910714285705 0.018833705357142794
4 0.30231584821428575 0.24238804621355875 0.18777901785714282 0.0181535950728825
5 0.46963355654761907 0.24459402901785715 0.040085565476190466 0.018624441964285726
6 0.6044921875 0.2449428013392857 0.06984747023809512 0.017926897321428575
4 0.31170944940476186 0.6384974888392856 0.2127046130952381 0.0176478794642857
5 0.46893601190476186 0.6380092075892856 0.03869047619047613 0.017926897321428492
6 0.6060267857142857 0.6381487165178571 0.06956845238095233 0.01904296875
4 0.2571081221103668 0.39452640073640005 0.09776292244593299 0.017308805670056993
5 0.4688895089285714 0.3954031808035714 0.03878348214285706 0.018345424107142794
6 0.6044921875 0.3957868303571428 0.07077752976190473 0.01827566964285715
4 0.31445312499999994 0.34962508933884756 0.21279761904761899 0.018523258822304767
5 0.4688895089285714 0.350830078125 0.03878348214285706 0.018903459821428548
6 0.6086774553571428 0.3511788504464286 0.060546874999999924 0.018903459821428548
4 0.302150974025974 0.7485795454545455 0.20376758658008662 0.017121550324675328
5 0.46913893398268397 0.7495307426948052 0.03889339826839825 0.016487418831168776
6 0.6094933712121212 0.7501648741883118 0.06933170995670997 0.01902394480519487
