0 0.5423853000364662 0.15042842781338714 0.3703826258424387 0.037749079796336106
1 0.21546170365068004 0.4239931934203063 0.17623095283699444 0.03696445545146767
2 0.7583766492162335 0.42087318217017333 0.20121377386531406 0.03751986498732629
3 0.23299928418038654 0.45887691435053884 0.2113093469683921 0.03638062285078701
7 0.8063029750632779 0.8297151415660802 0.11536909072918632 0.036210723299843324
8 0.7976646444463624 0.8672424498651443 0.14017606297735377 0.038843893298284866
4 0.2855754789490314 0.6276231269165662 0.3136020843352944 0.03578737359525667
5 0.6302791696492483 0.628757799205899 0.049391553328561204 0.03800340328984685
6 0.8049391553328561 0.6276233692569484 0.11381531853972798 0.035734543391945546
4 0.28561202576950606 0.5604083947816222 0.31066571224051537 0.030629608621667612
5 0.629563350035791 0.5604083947816222 0.04509663564781675 0.03516732841747022
6 0.8042233357193987 0.5589903573454339 0.1152469577666428 0.035734543391945546
4 0.28847529876206546 0.7629041406693137 0.31653549642160095 0.03635354996809416
5 0.6313528990694345 0.7631877481565513 0.048675733715103794 0.03800340328984685
6 0.8063707945597709 0.7637549631310266 0.1152469577666428 0.039137833238797506
4 0.28998122661768483 0.6937092648679888 0.3187423184451857 0.03424694185511411
5 0.6310084952931484 0.6953145902674472 0.052673518726111104 0.03317672492214169
6 0.8038856849583339 0.6931741564015026 0.11750246485055581 0.035317158788086396
