0 0.47189143227696223 0.04357696481507624 0.25294494341709023 0.03181685841332581
2 0.661132792631785 0.2353515550494194 0.17655869325002035 0.03231950104236603
3 0.20735677083333334 0.265625 0.19075520833333334 0.0302734375
7 0.7180989583333334 0.939697265625 0.08984375 0.03173828125
8 0.7024739583333334 0.96923828125 0.11848958333333333 0.03125
4 0.2669270833333333 0.5390625 0.3046875 0.02935051918029785
5 0.5504557291666666 0.5390625 0.044921875 0.033203125
6 0.7102864583333334 0.53955078125 0.08854166666666667 0.0322265625
4 0.2620442708333333 0.794921875 0.3184916178385417 0.03229713439941406
5 0.5537109375 0.794189453125 0.046223958333333336 0.03271484375
6 0.7171223958333334 0.79638671875 0.09440104166666667 0.03515625
4 0.2591145833333333 0.4853515625 0.2916666666666667 0.025390625
5 0.5511067708333334 0.484375 0.046223958333333336 0.0322265625
6 0.7086588541666666 0.4833984375 0.08919270833333333 0.0322265625
4 0.265625 0.402099609375 0.3046875 0.02587890625
5 0.5576171875 0.402099609375 0.061848958333333336 0.03173828125
6 0.7073567708333334 0.402099609375 0.08919270833333333 0.03173828125
4 0.2607421875 0.595947265625 0.2923177083333333 0.02587890625
5 0.5524088541666666 0.59423828125 0.046223958333333336 0.033203125
6 0.7037760416666666 0.5947265625 0.10416666666666667 0.0322265625
4 0.22298177083333334 0.88330078125 0.236328125 0.0302734375
5 0.5634765625 0.88232421875 0.061848958333333336 0.0341796875
6 0.7164713541666666 0.8828125 0.09473069508870442 0.03634810447692871
4 0.24320044120152792 0.34692370891571045 0.2624425490697225 0.02785670757293701
5 0.5481770833333334 0.346923828125 0.049479166666666664 0.03173828125
6 0.7073567708333334 0.345947265625 0.08919270833333333 0.03173828125
4 0.26432232062021893 0.7077610790729523 0.31393225987752277 0.033788859844207764
5 0.5530598958333334 0.707763671875 0.044921875 0.03271484375
6 0.7054036458333334 0.708251953125 0.10481770833333333 0.03173828125
1 0.19308035714285712 0.2390548904220779 0.16233766233766234 0.02790178571428567
4 0.2683306277056277 0.651557426948052 0.31114718614718617 0.02726765422077926
5 0.5524215367965368 0.6512403612012987 0.04903950216450218 0.026633522727272707
6 0.7050358495670995 0.6518744926948052 0.10399756493506492 0.02917004870129869
