0 0.5201757215660053 0.049831152384972564 0.2335331853293241 0.01946906805496928
1 0.2519455252918288 0.17101449275362318 0.1517509727626459 0.01932367149758454
2 0.6972907417963063 0.17244060119813454 0.1729800313977295 0.021434440741394646
3 0.2684180060065344 0.18967092716441064 0.18578766780905465 0.019400573399113684
7 0.7803340984799708 0.9527838598686268 0.09927077793018496 0.017763180759739965
8 0.7754877809814404 0.9702446738261564 0.11596170534389592 0.01968164598755773
4 0.30641323517061836 0.3099763667327008 0.25876886039806285 0.018694609529767526
5 0.5885214007782101 0.3113526570048309 0.048638132295719845 0.023671497584541065
6 0.7397859922178989 0.3108695652173913 0.08463035019455253 0.02077294685990338
4 0.36040856031128404 0.5956521739130435 0.2928015564202335 0.01932367149758454
5 0.6332684824902723 0.5954106280193237 0.05058365758754864 0.022705314009661835
6 0.7757782101167315 0.5958937198067633 0.10797665369649806 0.023671497584541065
4 0.3540856031128405 0.543719806763285 0.2840466926070039 0.019806763285024155
5 0.632295719844358 0.5427536231884058 0.05252918287937743 0.023671497584541065
6 0.7825875486381323 0.5427536231884058 0.08657587548638132 0.023671497584541065
4 0.3598129472790475 0.7717113437731472 0.3039833113483981 0.021857331135770833
5 0.6342412451361867 0.7707729468599034 0.048638132295719845 0.023671497584541065
6 0.7855058365758755 0.7717391304347826 0.08852140077821012 0.023671497584541065
4 0.3229571984435798 0.2758454106280193 0.29377431906614787 0.01932367149758454
5 0.5919260700389105 0.27705314009661836 0.047665369649805445 0.023671497584541065
6 0.7397859922178989 0.27608695652173915 0.08852140077821012 0.023671497584541065
4 0.36138132295719844 0.8072463768115942 0.29863813229571984 0.01932367149758454
5 0.6342412451361867 0.8072463768115942 0.048638132295719845 0.02318840579710145
6 0.7855058365758755 0.8079710144927537 0.08852140077821012 0.02463768115942029
4 0.36284046692607 0.5082125603864734 0.301556420233463 0.01932367149758454
5 0.632295719844358 0.5079710144927536 0.048638132295719845 0.022705314009661835
6 0.7821011673151751 0.5074879227053141 0.0914396887159533 0.023671497584541065
4 0.32976653696498054 0.45507246376811594 0.245136186770428 0.01932367149758454
5 0.6342412451361867 0.4557971014492754 0.048638132295719845 0.022705314009661835
6 0.7772373540856031 0.4553140096618358 0.10505836575875487 0.023671497584541065
4 0.36235408560311283 0.7357487922705314 0.2928015564202335 0.018357487922705314
5 0.6332684824902723 0.7359903381642512 0.05058365758754864 0.022705314009661835
6 0.7772373540856031 0.7369565217391304 0.10116731517509728 0.02077294685990338
4 0.31955252918287935 0.39565217391304347 0.2908560311284047 0.01932367149758454
5 0.5909533073929961 0.3978260869565217 0.04961089494163424 0.023671497584541065
6 0.7324902723735408 0.3978260869565217 0.10311284046692606 0.023671497584541065
4 0.35116731517509725 0.6294685990338165 0.26653696498054474 0.018357487922705314
5 0.632295719844358 0.6292270531400966 0.048638132295719845 0.023671497584541065
6 0.7782101167315175 0.6301932367149758 0.10311284046692606 0.023671497584541065
4 0.35846303501945526 0.9154589371980676 0.29669260700389105 0.01932367149758454
5 0.632295719844358 0.9157004830917874 0.048638132295719845 0.023671497584541065
6 0.7791828793774319 0.9166666666666666 0.10505836575875487 0.023671497584541065
4 0.3229571984435798 0.24154589371980675 0.29377431906614787 0.01932367149758454
5 0.5919260700389105 0.24178743961352658 0.047665369649805445 0.023671497584541065
6 0.7392996108949417 0.24178743961352658 0.0933852140077821 0.023671497584541065
4 0.3633268482490272 0.7 0.29474708171206226 0.01932367149758454
5 0.6342412451361867 0.7 0.048638132295719845 0.02318840579710145
6 0.7835603112840467 0.7007246376811594 0.08852140077821012 0.02463768115942029
4 0.30124849536713044 0.3619712925311924 0.2526383562410771 0.018420046571438527
5 0.5888783136914593 0.362492614603969 0.044089242224897136 0.0194626907169916
6 0.7410911737536041 0.36370903277378097 0.0853791674831341 0.018420046571438527
4 0.36458304173781597 0.6645118687658568 0.2981272569493043 0.018072498522920852
5 0.6389161044705093 0.6652069648628923 0.058785656299862814 0.018072498522920852
6 0.7830809282535062 0.66555451291141 0.08817848444979427 0.0187675946199562
4 0.3628334686336534 0.8433253397282174 0.3002267446742995 0.018420046571438527
5 0.6333174705371889 0.8434991137524762 0.04478907146656221 0.018072498522920852
6 0.789729306049324 0.8445417578980293 0.0874786552081292 0.020852882911062454
4 0.3572348347003331 0.8801654328710944 0.289029476807659 0.017029854377367724
5 0.6333174705371889 0.879470336774059 0.04338941298323206 0.017724950474403072
6 0.7865800744618312 0.8812080770166475 0.08957814293312431 0.019810238765509327
