0 0.5725361594926812 0.04895791540849301 0.2441037223645919 0.019426906265177263
1 0.2907092907092907 0.1724137931034483 0.16183816183816183 0.022340942204953862
2 0.7517482517482518 0.17654201068479844 0.17682317682317683 0.022826614861583293
3 0.3051948051948052 0.19014084507042253 0.19080919080919082 0.022826614861583293
7 0.7815042100756385 0.9354055366682856 0.1067503924646781 0.019010615416637743
8 0.7763106905650152 0.9532562681449689 0.11000171006448918 0.020081510750927904
4 0.3596441574608427 0.314325204408699 0.3111098583336306 0.019930733207163254
5 0.6448551448551448 0.3176299174356484 0.06293706293706294 0.021369596891694997
6 0.7792207792207793 0.3181155900922778 0.1018981018981019 0.020398251578436135
4 0.3534322820037106 0.5909248595018385 0.2967032967032967 0.01942690626517727
5 0.6258741258741258 0.5917921321029626 0.04895104895104895 0.023797960174842158
6 0.7687312687312687 0.5937348227294803 0.1048951048951049 0.023797960174842158
4 0.37106026755227206 0.6900346084115144 0.2973692109892063 0.03288600304683706
4 0.34778362397751517 0.745308402475738 0.28916230820309713 0.02038021163077594
5 0.6188811188811189 0.7661486158329286 0.04695304695304695 0.022826614861583293
6 0.760596546310832 0.7631651980850621 0.09433423719137995 0.01658225213349047
4 0.35984374773524463 0.38478972272820655 0.30642924493196533 0.02123440315248175
5 0.6333666333666333 0.38708110733365714 0.05194805194805195 0.022340942204953862
6 0.7842157842157842 0.3885381253035454 0.0919080919080919 0.023312287518212724
4 0.353649762756426 0.5227492294147428 0.3045457720467311 0.020067349815487724
5 0.6273726273726273 0.5245264691597863 0.05194805194805195 0.022340942204953862
6 0.7792207792207793 0.5259834871296746 0.0939060939060939 0.023312287518212724
4 0.3500661021107798 0.6582125853856978 0.29886879477943923 0.01972968942426102
5 0.6238761238761239 0.6597863040310831 0.04895104895104895 0.022826614861583293
6 0.7737262737262737 0.662457503642545 0.09090909090909091 0.023312287518212724
4 0.32525277195600155 0.9103734238675587 0.23004247949316303 0.02189521151694641
5 0.6403596403596403 0.9040796503156873 0.06593406593406594 0.023797960174842158
6 0.7842157842157842 0.8999514327343371 0.0919080919080919 0.023312287518212724
4 0.355432016321778 0.5561219383922066 0.3052626977688884 0.020622285707781234
5 0.6268731268731269 0.5577950461389024 0.04695304695304695 0.022826614861583293
6 0.7767232767232767 0.5592520641087907 0.08891108891108891 0.023797960174842158
4 0.3542964081119773 0.8588135214506327 0.3032524813356286 0.023717576539517102
5 0.6273726273726273 0.850412821758135 0.05194805194805195 0.022340942204953862
6 0.7802197802197802 0.8467702768334143 0.0919080919080919 0.023797960174842158
4 0.3353508728384478 0.773760622564861 0.27977634765834053 0.02383794449075913
4 0.33686897535883475 0.805693980863901 0.26675013262755654 0.021027219011807805
5 0.6238761238761239 0.7987927565392354 0.04895104895104895 0.022340942204953862
6 0.7652347652347652 0.795774647887324 0.10789210789210789 0.023797960174842158
4 0.3493649207934922 0.45360047542799903 0.28457257028685595 0.020295059690036803
5 0.6303696303696303 0.45628946090335115 0.04995004995004995 0.023797960174842158
6 0.7717282717282717 0.45726080621661 0.10938426807567432 0.02700575929987251
4 0.3527075537638979 0.34968918271211324 0.2864501700517674 0.021359857013850413
5 0.6403596403596403 0.3533268576979116 0.06593406593406594 0.025740650801359885
6 0.7867132867132867 0.3542982030111705 0.09090909090909091 0.023797960174842158
4 0.3468674182959897 0.6247831818497189 0.28471528471528473 0.01942690626517727
5 0.6238761238761239 0.6260320543953375 0.04895104895104895 0.023312287518212724
6 0.7747252747252747 0.62821758135017 0.08891108891108891 0.023797960174842158
4 0.36191310694746104 0.2432508268139955 0.3051448150761069 0.021234417974034962
5 0.6383616383616384 0.2462360369111219 0.04995004995004995 0.022340942204953862
6 0.7852147852147852 0.2479358912093249 0.10589410589410589 0.023797960174842158
5 0.6239474810903382 0.6937056488310248 0.049379192236335225 0.017431552542626575
5 0.6222349079491937 0.7457503642544925 0.045668617097188474 0.020883924235065455
6 0.7630226915941201 0.7484562547699992 0.09376337947766511 0.018247415527648587
4 0.35064802663854 0.4197302069082057 0.2877149357339089 0.020735242882402218
5 0.6323676323676324 0.4218067022826615 0.04995004995004995 0.023797960174842158
6 0.7812187812187812 0.42277804759592036 0.0939060939060939 0.023797960174842158
4 0.3582132153560725 0.2797127593145078 0.2968460111317254 0.02116145146742523
5 0.6382902811474239 0.28127384999653093 0.04923647780790643 0.02012072434607641
6 0.7863565006422149 0.28318184971900373 0.10846296560582273 0.02116145146742523
4 0.35714285714285715 0.48820509262471384 0.29898672755815614 0.019079997224727644
5 0.6318681318681318 0.48993963782696176 0.05351791066076779 0.01907999722472759
6 0.7813614956472099 0.49288836467078334 0.09276437847866412 0.01942690626517727
6 0.7674468388754101 0.6965239714146949 0.10061367204224342 0.02081454242697566
