0 0.553839071633968 0.07375518815155993 0.5364375482214259 0.029101990718156723
6 0.8160807291666666 0.66552734375 0.119140625 0.0341796875
3 0.2692057291666667 0.271728515625 0.19856770833333334 0.02978515625
7 0.8314144399994654 0.9310519790395777 0.12534709517837417 0.039076228091057263
8 0.8230605150790925 0.9687331711992304 0.13913964717946156 0.036286156228248156
4 0.3310546875 0.478759765625 0.330078125 0.02685546875
5 0.6389973958333334 0.47802734375 0.046223958333333336 0.0341796875
6 0.8053385416666666 0.4765625 0.11869541803995769 0.03825563192367554
4 0.32262251277764636 0.8625515699386597 0.3510933419068654 0.036725759506225586
5 0.6599484707446809 0.8638318650265957 0.06518727836879419 0.03222656249999989
6 0.8377937771749835 0.8657962495976306 0.10350200470457693 0.03611377579100594
4 0.3271166533231735 0.5693356394767761 0.33795419335365295 0.03327012062072754
5 0.6435546875 0.56884765625 0.048828125 0.0322265625
6 0.8111979166666666 0.56884765625 0.1171875 0.0341796875
1 0.2593223625886525 0.24232255651595744 0.17799756205673756 0.028569647606382975
2 0.7576462765957448 0.23842669547872342 0.19115691489361705 0.03324468085106383
4 0.33412289450354615 0.38958610372340424 0.33729499113475175 0.0332446808510638
5 0.6354028147163121 0.38906665558510634 0.04640403368794329 0.03324468085106386
6 0.8030114140070923 0.38776803523936165 0.10735261524822699 0.03168633643617019
4 0.2953374335106383 0.6654130651595744 0.28188718971631205 0.0332446808510638
5 0.6423287898936171 0.6656727892287233 0.057485593971631145 0.034803025265957355
4 0.3171542553191489 0.7633290392287233 0.3379875886524822 0.03376412898936165
5 0.6468306737588653 0.7646276595744681 0.052637411347517725 0.03532247340425532
6 0.8255208333333334 0.7664457280585106 0.11635638297872337 0.034803025265957466
