0 0.47099543940325245 0.18792225618979988 0.48902724975527573 0.025509220816065784
1 0.3927125506072874 0.31144604965371725 0.17999479998514284 0.024052614562594634
2 0.35076576409265925 0.33636224411659604 0.09733932573140688 0.02368676297922299
3 0.34277576120223063 0.3605344651829305 0.08383551750159021 0.027788688052998216
7 0.7370063067530452 0.8647234315908057 0.12189670813959008 0.026504606180445554
8 0.7295872949320311 0.8911846545883133 0.13921092933265905 0.028885306509047304
4 0.282843665267615 0.6295448466931312 0.32574378783939373 0.02635962340717632
6 0.7282249377855365 0.630255925944833 0.11841176689076247 0.025788282539520563
4 0.2842550978717082 0.48525081637572365 0.3192066263046465 0.025669687887687087
6 0.7247706422018348 0.48132880698351116 0.11714890613973183 0.027643064985451018
4 0.2818163503715735 0.4083682477026927 0.31541742987627375 0.026287650799117157
6 0.7201840246573417 0.4061513728706959 0.12082251614050371 0.0307188579807226
4 0.2841684309574218 0.7316776422141678 0.3255704540108209 0.022036176765871995
6 0.7332639998019042 0.7335494410128134 0.1219527293887507 0.026800755526060562
4 0.2832398568757815 0.6542505863454604 0.32371330584754043 0.02629556697589908
6 0.7280020800059427 0.6565504449776235 0.12257177877651074 0.025949937890312528
4 0.27997127610840794 0.5801766139960698 0.3228218747291659 0.02555042541878843
6 0.7254774784150053 0.5802693408629365 0.12308770868251588 0.030713293184711447
4 0.28257128353700056 0.43450831248830124 0.31390756354541965 0.024205761737029298
6 0.721242060691602 0.4323472356935015 0.11856033874382499 0.027643064985451018
4 0.27333506667161905 0.7580232103051032 0.30390372543921546 0.027200639814862124
6 0.7434783146999466 0.7599247877209999 0.10400029714370611 0.02680075552606045
4 0.2832398568757815 0.6810240283612747 0.32371330584754043 0.025499376360643523
6 0.7304782775569834 0.6820749740500621 0.12504797632755135 0.02424830261881668
4 0.2800579430226943 0.5310120873143955 0.32017234334955236 0.025184633035374406
6 0.7254763585038815 0.5307953443258971 0.11856033874382499 0.02667313288069835
4 0.27404078297366563 0.7854876035870473 0.3024922928351223 0.025873364303095333
6 0.7438427218399752 0.7873177733909709 0.1059672101992837 0.028836033449629473
4 0.28425509787170816 0.7070930511206132 0.3229209226312074 0.025261206622591712
6 0.7310973269447435 0.7075995031225006 0.12257177877651074 0.026800755526060562
5 0.47697755326919977 0.408537104157095 0.06747638326585698 0.026800755526060562
5 0.47728707796307984 0.43448704204740757 0.06933353142913738 0.02424830261881668
5 0.4788347014324802 0.4857488046012218 0.06500018571481629 0.0263753467081866
5 0.47728707796307984 0.5319056613405483 0.06933353142913738 0.025949937890312528
5 0.4794537508202404 0.5806149709871187 0.06995258081689759 0.025524529072438566
5 0.48131089898352086 0.6299623938605 0.06252398816377576 0.0263753467081866
5 0.4831680471468013 0.6546361052971907 0.06747638326585698 0.02297207616519469
5 0.48131089898352086 0.6812241564143142 0.06623828449033664 0.026800755526060562
5 0.4803823249018807 0.7080249119403748 0.06438113632705615 0.025099120254564605
5 0.4810013742896408 0.7322732145591915 0.06685733387809685 0.02339748498306876
5 0.48162042367740093 0.7580104480405669 0.06933353142913738 0.024673711436690643
5 0.4837870965345614 0.7848112035666275 0.06871448204137724 0.024673711436690643
