0 0.5512836847805312 0.1796791443850268 0.6032999936293558 0.03957219251336897
1 0.21793973370707778 0.39941176470588236 0.1779957953749124 0.03411764705882353
2 0.7764540995094604 0.39794117647058824 0.204625087596356 0.03470588235294118
3 0.23545900490539592 0.4364705882352941 0.2158374211632796 0.03529411764705882
7 0.8437281009110021 0.8264705882352941 0.1051156271899089 0.04
8 0.8367203924316748 0.8661764705882353 0.12333566923615978 0.04058823529411765
4 0.303083391730904 0.6238235294117647 0.3608969866853539 0.031176470588235295
5 0.6443587946741416 0.6244117647058823 0.04835318850735809 0.04058823529411765
6 0.8283111422564822 0.6270588235294118 0.12333566923615978 0.04352941176470588
4 0.27890679747722497 0.5479411764705883 0.3041345480028031 0.031176470588235295
5 0.6436580238262088 0.5467647058823529 0.049754730203223546 0.039411764705882354
6 0.8244562610179792 0.5485382798138787 0.12427348061383146 0.04309828814338235
4 0.29996177613556735 0.7406417112299465 0.3758680002548257 0.042780748663101616
5 0.6458877492514493 0.7433155080213903 0.061158183092310615 0.04385026737967912
6 0.8319105561572274 0.7449197860962566 0.12486462381346758 0.047058823529411764
