0 0.47585978835978837 0.3635912698412698 0.43584656084656087 0.025793650793650792
1 0.4065775681341719 0.48817011081162026 0.16568084256763502 0.022667714884696023
2 0.367593840471199 0.5122697663971248 0.09020914445442749 0.02407157831686137
3 0.35668114205850054 0.5378154013177598 0.06838374762903066 0.02555967355495655
7 0.7199386043725667 0.7395926924228812 0.09359089547768797 0.02573749625636416
8 0.7108914844763902 0.7655641659179395 0.11418089248277927 0.026205450733752647
4 0.30203029849256263 0.6105073761461595 0.2892457821703105 0.025597257291388863
6 0.7080837576120594 0.6130110062893082 0.10981331736048718 0.023397723869422068
4 0.30203029849256263 0.6360341889232031 0.2892457821703105 0.025082715295252928
6 0.708916009775569 0.6387829690609338 0.11022994308113702 0.028146201673829224
4 0.3012753319357093 0.6619543822163699 0.289507836677648 0.025653230176424638
6 0.7188467105919937 0.6647152964959568 0.09140710791654184 0.025728137166816448
4 0.3017183288409704 0.585490603474094 0.2886218428671259 0.024155810122791315
6 0.7078489170491463 0.5865931755127611 0.1102829984863135 0.028502028728895304
5 0.4828416691624239 0.5861036238394729 0.05865029449935111 0.0248015873015873
5 0.4834656084656085 0.6116071428571429 0.05989817310572025 0.022461814914645096
5 0.48440151742038534 0.6371106618748128 0.0605221124089049 0.023865678346810443
5 0.4847134870719776 0.6619122491764002 0.06114605171208948 0.0248015873015873
