0 0.44682455272217214 0.48137539216530806 0.5085877522978847 0.032406306113797384
1 0.1693454520412223 0.6510420905219184 0.1549590580047123 0.03235141814701141
2 0.6342592592592593 0.6458333333333334 0.17605429351645172 0.032834370930989586
3 0.18617672894997572 0.6795587691049727 0.18332961753562646 0.033869183252728176
7 0.6917989417989417 0.9246031746031746 0.08862433862433862 0.030753968253968252
8 0.6858465608465608 0.9536210317460317 0.10052910052910052 0.03125
4 0.25 0.7884424603174603 0.29894179894179895 0.028330242823040676
5 0.5284391534391535 0.7874503968253969 0.041005291005291 0.030257936507936508
6 0.6789021164021164 0.7844742063492064 0.09986772486772487 0.032242063492063495
4 0.2530395136778116 0.8725515028706518 0.30113700326466286 0.02744005403579872
5 0.53236519193966 0.8714961161769673 0.043622650005628746 0.02744005403579872
6 0.6815265113137454 0.8720238095238095 0.1083530338849487 0.030606214116852402
