0 0.4930706653547126 0.09950017621992244 0.12057042282800004 0.03844798308288744
1 0.2405821412615589 0.4125725124887131 0.36684340518077063 0.037534348020969395
2 0.22035134155490554 0.45221823130168187 0.32638180576746384 0.03749508170964334
3 0.812755519215045 0.41304347826086957 0.2829108748977923 0.03843730308758664
7 0.8315622325033217 0.8216710802738068 0.26670017694705644 0.04677800525263863
8 0.8349912550308054 0.8651593790613186 0.27078768589022895 0.048075550370195334
4 0.2829565389762623 0.6118435586257482 0.4514404696123773 0.03658732634786547
5 0.6663941128372853 0.6124763705103969 0.08503679476696648 0.04788909892879647
6 0.8941128123323155 0.6140516698172653 0.1448724579830591 0.043629098854954314
4 0.3028997014218047 0.5330838622277686 0.48986699126922784 0.03656278921510712
5 0.6663941128372853 0.5324511657214871 0.08013082583810302 0.04410838059231254
6 0.901471790678659 0.5333963453056081 0.12346688470973018 0.043478260869565216
4 0.26270497079035415 0.6957191440897621 0.42206584468089275 0.03899844325305632
5 0.667689898415954 0.6965119135347579 0.09008135038873576 0.040583982143047766
6 0.9129883448591267 0.6997159121249986 0.12611389054422992 0.049127978383689555
