0 0.39635449698165504 0.200518744317878 0.6312686444460104 0.04706134017861921
1 0.44362624198435624 0.4203165944702925 0.2478096446104338 0.04171346061286697
2 0.3863187936015785 0.465364457992406 0.12849693467690787 0.041964810952457375
3 0.3735348695182393 0.5059816032942939 0.10058017992624438 0.04191133215679982
7 0.8974878444084279 0.785239852398524 0.15183113382546595 0.051866639760147604
8 0.898230154228197 0.8340160216256969 0.15873217090442443 0.0519563172767428
4 0.2791734197730956 0.5959409594095941 0.386547811993517 0.03911439114391144
5 0.5559157212317666 0.596309963099631 0.08589951377633712 0.04428044280442804
6 0.8942463533225283 0.5981549815498155 0.15316045380875204 0.04797047970479705
4 0.27836304700162073 0.640590405904059 0.3914100486223663 0.04135967409478782
5 0.5563209076175041 0.6428044280442804 0.08995137763371151 0.047232472324723246
6 0.8946519353980956 0.645008450328644 0.15896561930206646 0.05475119277559963
