0 0.512619853355894 0.18096265738489056 0.6558093626621544 0.042761195679870564
1 0.5388465877044557 0.44592091240459086 0.22010716300056404 0.03539259533905289
2 0.5224901297236322 0.4867532193371332 0.18175408911449528 0.03472662022377027
3 0.4815989847715736 0.527601857715854 0.10279187817258888 0.040426430230103394
7 0.7410836001943211 0.7821411364738363 0.1576859269247039 0.0508791227141387
8 0.7274388605366302 0.8278545873286429 0.17992002225769352 0.045618399905332965
4 0.29357021996615906 0.5953134895503484 0.24873096446700507 0.03799873337555415
5 0.5964467005076142 0.5946801773274224 0.07106598984771574 0.04179860671310956
6 0.7635363790186125 0.5937302089930335 0.11759729272419628 0.04116529449018366
4 0.3443316348313075 0.6421785940468651 0.3487448781073194 0.03935874663552882
5 0.5964467005076142 0.6437618746041799 0.07106598984771574 0.039898670044331855
6 0.7711505922165821 0.6437618746041799 0.10236886632825719 0.04116529449018366
4 0.23523035711039947 0.6906265539032813 0.13557604484751745 0.04640024775866846
5 0.5964467005076142 0.6931602279924003 0.07106598984771574 0.04116529449018366
6 0.7728426395939086 0.6931602279924003 0.10236886632825719 0.04243191893603546
