0 0.4937962816868174 0.3069604550290454 0.4247118382924692 0.03991225441337162
1 0.5231067322938544 0.5557352199380521 0.20522505976951663 0.03548259793081542
2 0.5058820218394687 0.5943568473488686 0.17077563886074515 0.03251646403242141
3 0.47074418527967526 0.6334671991896444 0.08924250767518978 0.03686009915605341
7 0.7076938366763806 0.8650789714994884 0.1444794185577877 0.046815720815507195
4 0.265542328042328 0.6904761904761905 0.18331198717551256 0.036798870752728176
5 0.5753968253968254 0.6946924603174603 0.06349206349206349 0.036210317460317464
6 0.7294976976182725 0.6956767127627418 0.11393774123418898 0.043323335193452384
4 0.29031602163163445 0.7750501178559803 0.23296973818824404 0.039330558171347965
5 0.5730820105820106 0.7800099206349206 0.061507936507936505 0.036210317460317464
6 0.736441798941799 0.7817460317460317 0.0958994708994709 0.041666666666666664
