0 0.5314927481897396 0.40183267800439515 0.33882682497307226 0.03783254583393913
1 0.3026081468693163 0.6651782989501953 0.21103639955873843 0.03579463655986483
2 0.30360301587947464 0.696176256452288 0.21302613757905506 0.03330569797092014
3 0.7619047619047619 0.6671626984126984 0.21571600374090608 0.03777652316623264
7 0.7976190476190477 0.8276289682539683 0.14568962621941137 0.04227992466517857
8 0.7847222222222222 0.8692956349206349 0.1741194144758598 0.04424394880022321
4 0.2717966957697793 0.7430503179156591 0.1536124900535301 0.03583617437453497
5 0.5757275132275133 0.7452876984126984 0.056216931216931214 0.03720238095238095
6 0.8055822786199983 0.7440414125957187 0.13243627800512567 0.03784161522274926
4 0.27179466731964597 0.7750499967544798 0.1509758883683139 0.034338875422402035
5 0.5750661375661376 0.7765376984126984 0.057539682539682536 0.03521825396825397
6 0.8158068783068783 0.7765376984126984 0.1130952380952381 0.03521825396825397
