0 0.549526270456503 0.19776092091943048 0.5450473729543497 0.03632529191910079
1 0.2411701028250498 0.4144213609634691 0.17249883607376454 0.04079172413819914
2 0.7527993109388458 0.41679936305732485 0.18604651162790697 0.037420382165605094
3 0.25624570756200876 0.45182265749402867 0.2095134777821517 0.043941910859126194
7 0.8040482342807924 0.7503980891719745 0.09732988802756244 0.04219745222929936
8 0.7955561376939105 0.7901239496380913 0.11451164374842991 0.040969767641363154
4 0.31912144702842377 0.6027070063694268 0.3367786391042205 0.03662420382165605
5 0.6313522825150732 0.6011146496815286 0.046511627906976744 0.041401273885350316
6 0.8028036112625162 0.6011336259781175 0.09675339231400733 0.04645081538303643
4 0.318692354371484 0.6787471406778712 0.3430505008352511 0.04071589184414809
5 0.6330749354005168 0.6755573248407644 0.046511627906976744 0.04219745222929936
6 0.7950043066322137 0.6759554140127388 0.11024978466838932 0.041401273885350316
