0 0.46759354168500356 0.2976264697838561 0.4483803921514913 0.02844711516682544
1 0.4512772669447372 0.45860114930168033 0.14704864071370014 0.021124420973359
2 0.42741321382068453 0.47804000390269774 0.10108186160025355 0.021515891665504147
3 0.41148837323331755 0.4991225187109892 0.06954970855982003 0.019653441414000498
7 0.8101989638447973 0.8703290343915344 0.07266865079365094 0.018187830687830725
8 0.8022348985890652 0.8911313657407408 0.084463183421517 0.02205274470899467
4 0.38131062610229277 0.5610355397380848 0.28505291005291006 0.025846935453869048
5 0.59755291005291 0.5629960317460317 0.05357142857142857 0.0248015873015873
6 0.7800925925925926 0.5634920634920635 0.09193121693121693 0.023809523809523808
4 0.37996031746031744 0.8338293650793651 0.289021164021164 0.022817460317460316
5 0.593584656084656 0.8328373015873016 0.052248677248677246 0.0248015873015873
6 0.7853835978835979 0.8313492063492064 0.07473544973544974 0.023809523809523808
4 0.3773148148148148 0.7703373015873016 0.2837301587301587 0.022817460317460316
5 0.593584656084656 0.7698412698412699 0.052248677248677246 0.025793650793650792
6 0.779431216931217 0.7693452380952381 0.09325396825396826 0.026785714285714284
4 0.37996031746031744 0.6016894749232701 0.2863756613756614 0.024854629758804564
5 0.5965608465608465 0.6046626984126984 0.051587301587301584 0.0248015873015873
6 0.7800925925925926 0.6041666666666666 0.09193121693121693 0.023809523809523808
4 0.37943672839506176 0.7083953373015873 0.2865961199294533 0.021701388888888888
5 0.5943838183421517 0.7086536871693122 0.056492504409171126 0.021184689153439115
