0 0.38648260722728817 0.26982759761069525 0.5295789710683328 0.029747033755306632
1 0.3756482512862594 0.45898944612533327 0.17223193658092037 0.02293132600330171
2 0.3341600529100529 0.48349144345238093 0.09193121693121693 0.023530505952380952
3 0.3277736441798942 0.5077969990079365 0.07783564814814818 0.024522569444444444
7 0.810120568022867 0.8969337255975187 0.08717235297695075 0.026010308337894632
8 0.804673721340388 0.9221971355592045 0.10262725779967162 0.02565681444991798
4 0.29828042328042326 0.7048611111111112 0.3333333333333333 0.026805817134796628
5 0.5512566137566137 0.7058531746031746 0.06018518518518518 0.028769841269841268
6 0.7800925925925926 0.7041170634920635 0.09193121693121693 0.028273809523809524
4 0.2569444444444444 0.8030753968253969 0.24801587301587302 0.025793650793650792
5 0.5512566137566137 0.8035714285714286 0.06018518518518518 0.028769841269841268
6 0.7807539682539683 0.8025793650793651 0.09325396825396826 0.030753968253968252
4 0.29828042328042326 0.6557539682539683 0.3306878306878307 0.022817460317460316
5 0.5505952380952381 0.65625 0.05886243386243386 0.025793650793650792
6 0.779431216931217 0.6547619047619048 0.09325396825396826 0.026785714285714284
4 0.2562830687830688 0.7534722222222222 0.24933862433862433 0.026812841021825396
5 0.5512566137566137 0.7547123015873016 0.06018518518518518 0.029265873015873016
6 0.781415343915344 0.7537202380952381 0.09457671957671958 0.03125
4 0.2962962962962963 0.6056547619047619 0.32936507936507936 0.022817460317460316
5 0.5499338624338624 0.6061507936507936 0.057539682539682536 0.025793650793650792
6 0.7705026455026455 0.6051587301587301 0.10714285714285714 0.027777777777777776
4 0.29836832764047955 0.8507635121559172 0.33086363940794317 0.024939722724532827
5 0.5512566137566137 0.8516865079365079 0.06018518518518518 0.028769841269841268
6 0.7807539682539683 0.8494543650793651 0.09325396825396826 0.03125
