0 0.3061379871724699 0.39602455335213954 0.2634766255455911 0.028923343578516066
1 0.39884183244422033 0.5970593744593583 0.16929316415735396 0.025959703918356836
2 0.36065879097488296 0.6484959405218026 0.09209846135133498 0.02571382959313988
3 0.3521255245393176 0.6219154807516877 0.07267530256036006 0.02528051450465243
7 0.7385361552028219 0.8190289648622981 0.16562655451544342 0.027133360466693818
8 0.7221430832541945 0.846162325328992 0.2018043684710352 0.027133360466693818
4 0.3125 0.7217261904761905 0.2824074074074074 0.025793650793650792
5 0.5777144666033556 0.7208825125491793 0.04183059738615296 0.025013566680233308
6 0.7693833943833944 0.7200833502916836 0.104090354090354 0.025111077194410535
4 0.2562830687830688 0.7470238095238095 0.16732804232804233 0.025793650793650792
5 0.5774318274318274 0.7456840998507664 0.0412653190430968 0.02543752543752543
6 0.7775403608736942 0.7444122235788903 0.09214036991814765 0.02543752543752543
4 0.24768518518518517 0.7723214285714286 0.1527777777777778 0.026785714285714284
5 0.5779547098991544 0.7719865011531678 0.04118052729163833 0.025471442138108757
6 0.7780547641658753 0.7714226360059694 0.09203861981639753 0.02858329941663276
4 0.2933201058201058 0.6974206349206349 0.2466931216931217 0.026785714285714284
5 0.5780847239180572 0.6961296805046806 0.04109008275674947 0.02618793243793245
6 0.7699882422104644 0.6940056471306472 0.10611405055849508 0.027892246642246668
