0 0.402287852104414 0.082965569109437 0.3794863902306251 0.01936011664785254
1 0.3903614389725501 0.21807378578211908 0.12146135757246874 0.019065425315425297
2 0.36371421788088454 0.2363294498711165 0.07074458463347359 0.015622880206213514
3 0.3553057025279248 0.2534019396208371 0.057036584814362586 0.019634188863060485
7 0.7146361868584091 0.9102903269569937 0.06419300863745311 0.02097747931081269
8 0.7018156740378962 0.9295634920634921 0.08465608465608465 0.022817460317460316
4 0.3132920043307718 0.5796046416805745 0.21619193160279992 0.021422687241219537
5 0.5191798941798942 0.5791170634920635 0.047619047619047616 0.02132936507936508
6 0.6875 0.578125 0.07208994708994709 0.023313492063492064
4 0.33482884681462566 0.8779385123837028 0.25248227645383403 0.02200441589479671
5 0.5198412698412699 0.875 0.04894179894179894 0.021825396825396824
6 0.694810877401362 0.874007088797433 0.07905251639229911 0.031025720021081348
4 0.31316137566137564 0.46875 0.20965608465608465 0.01984126984126984
5 0.5171957671957672 0.4677579365079365 0.046296296296296294 0.021825396825396824
6 0.6832010582010583 0.4677579365079365 0.07142857142857142 0.023809523809523808
4 0.33067652512096957 0.4152184816183738 0.2486998598109709 0.02079444526089629
5 0.5158730158730159 0.4124503968253968 0.046296296296296294 0.02132936507936508
6 0.6838624338624338 0.41195436507936506 0.0701058201058201 0.024305555555555556
4 0.32703895898340346 0.36239571869575476 0.24142472753583863 0.02029069122409681
5 0.5165343915343915 0.359375 0.04497354497354497 0.02132936507936508
6 0.6765873015873016 0.35987103174603174 0.082010582010582 0.022321428571428572
4 0.33101851851851855 0.6530257936507936 0.24801587301587302 0.019345238095238096
5 0.5191798941798942 0.6532738095238095 0.047619047619047616 0.021825396825396824
6 0.6832010582010583 0.652281746031746 0.08333333333333333 0.023809523809523808
4 0.33199362366029034 0.30818198005698005 0.24342016008682674 0.019548738298738325
5 0.5119047619047619 0.30505952380952384 0.04497354497354497 0.021825396825396824
6 0.6786166508388731 0.3056149097815764 0.06613756613756622 0.021197937864604527
4 0.33341552985548484 0.8404742755716521 0.25530842596611364 0.022540601068687438
5 0.5218253968253969 0.8375496031746031 0.047619047619047616 0.02132936507936508
6 0.6884920634920635 0.8375496031746031 0.08465608465608465 0.023313492063492064
4 0.332472382916668 0.7832768240610241 0.25455268877459225 0.021766645001711767
5 0.5205026455026455 0.7827380952380952 0.05026455026455026 0.0248015873015873
6 0.6858465608465608 0.78125 0.08333333333333333 0.023809523809523808
4 0.3316798941798942 0.6160714285714286 0.24404761904761904 0.018849206349206348
5 0.5185185185185185 0.6150793650793651 0.04894179894179894 0.0248015873015873
6 0.6888227513227513 0.6145833333333334 0.07208994708994709 0.023809523809523808
4 0.3316798941798942 0.5062003968253969 0.24404761904761904 0.019345238095238096
5 0.5178571428571429 0.5052083333333334 0.04497354497354497 0.02132936507936508
6 0.6818783068783069 0.5047123015873016 0.08333333333333333 0.022321428571428572
4 0.31414169800069663 0.7457743709275946 0.21449964888431278 0.021378480018260655
5 0.5198412698412699 0.7447916666666666 0.046296296296296294 0.02132936507936508
6 0.6908068783068783 0.7435515873015873 0.07341269841269842 0.023809523809523808
