0 0.5579596764974851 0.22727597031963467 0.33275462962962954 0.04316495433789953
2 0.3377593449931413 0.6129708904109589 0.2140989368998628 0.04375
3 0.7839506172839507 0.5691780821917808 0.20987654320987653 0.04527521002782534
7 0.8172153635116598 0.7722602739726028 0.13523130063657407 0.05014631715539383
8 0.8034979423868313 0.825 0.16265793788580246 0.05282985739511986
4 0.3052126200274348 0.7126712328767123 0.1467764060356653 0.04041095890410959
5 0.6032235939643347 0.7109589041095891 0.05281207133058985 0.043835616438356165
6 0.8247599451303155 0.7078767123287671 0.12551440329218108 0.04315068493150685
1 0.33871313443072704 0.5727739726027398 0.21862139917695472 0.040667808219178085
4 0.3049554183813443 0.674443493150685 0.14896262002743485 0.0449486301369863
5 0.6018089849108368 0.6723030821917808 0.05679869684499314 0.040667808219178085
6 0.8306112825788752 0.6690924657534246 0.11359739368998628 0.038527397260273974
