0 0.5266942474389283 0.3692534194528876 0.29418552290892724 0.027197315096251323
1 0.551703183647628 0.5426502509835843 0.1413026274137385 0.023826482159815473
2 0.5409713743047077 0.5691052774386107 0.11983900872789768 0.025861484194817555
3 0.5137701804368471 0.5961814034730701 0.06769773436440103 0.02489909781576453
7 0.6845238095238095 0.8568948412698413 0.10317460317460317 0.03125
8 0.6753942261653038 0.8875292696633894 0.12300389121271277 0.03270675530832794
4 0.3323412698412698 0.7931547619047619 0.06944444444444445 0.028769841269841268
5 0.5866402116402116 0.7953869047619048 0.04894179894179894 0.03125
6 0.7046957671957672 0.7963789682539683 0.07208994708994709 0.033234126984126984
4 0.33465608465608465 0.6374007936507936 0.06746031746031746 0.02976190476190476
5 0.5866402116402116 0.6393849206349206 0.046296296296296294 0.027777777777777776
6 0.7017195767195767 0.6396329365079365 0.07142857142857142 0.032242063492063495
4 0.3449074074074074 0.6696428571428571 0.09193121693121693 0.027777777777777776
5 0.5866402116402116 0.671875 0.046296296296296294 0.028273809523809524
6 0.6977513227513228 0.671875 0.08333333333333333 0.032242063492063495
4 0.3737127011415189 0.7604161822606647 0.14968070782050885 0.030867198156932042
5 0.5866402116402116 0.7624007936507936 0.051587301587301584 0.02976190476190476
6 0.7034019793152179 0.763144296313089 0.07645222497364831 0.036493694971478176
