0 0.2743587649782724 0.17259789559857094 0.3143807716389262 0.04198845922456944
1 0.3849436667804711 0.4968129860196319 0.19801980198019806 0.03895239309338658
2 0.3378012973711164 0.5794593407838637 0.10646637077500855 0.039936826300655856
3 0.3288323659952202 0.5385345401492939 0.08716285421645616 0.04024136319211319
7 0.7865517241379311 0.778969957081545 0.19530138739224137 0.04877119378129471
8 0.7693103448275862 0.8215307582260372 0.22827586206896552 0.0407725321888412
4 0.2631034482758621 0.657725321888412 0.28344827586206894 0.03648068669527897
5 0.5968965517241379 0.6587982832618026 0.04896551724137931 0.04721030042918455
6 0.8237692045066576 0.6561211915182934 0.12064185728917719 0.04328673210668704
4 0.29348662277747845 0.6995668643192843 0.3455939352101293 0.04298372500614717
5 0.5975862068965517 0.699928469241774 0.05172413793103448 0.04935622317596566
6 0.8240675820259153 0.699442863072614 0.12440692915937611 0.04477306165989538
