0 0.48451845159834467 0.13293123100303955 0.23219015973250143 0.027028453225261796
1 0.25496031746031744 0.30580357142857145 0.14763520255921378 0.029381524948846726
2 0.6901794193460862 0.3089692023016837 0.1605899244788135 0.0280560330577369
7 0.7271832864751261 0.9305469876243955 0.10408298552982391 0.03391465686616443
8 0.72255291005291 0.9583333333333334 0.1130952380952381 0.027777777777777776
4 0.3210978835978836 0.5099206349206349 0.2876984126984127 0.026809086875310018
5 0.5879629629629629 0.5114087301587301 0.041005291005291 0.02976190476190476
6 0.7291666666666666 0.5124007936507936 0.09325396825396826 0.027777777777777776
4 0.3148148148148148 0.769593253968254 0.28983851841517855 0.030361114986359128
5 0.5853174603174603 0.7718253968253969 0.041005291005291 0.02976190476190476
6 0.7281746031746031 0.7723214285714286 0.0992063492063492 0.030753968253968252
4 0.3180822342161148 0.6125994485522074 0.2910842088164476 0.027823675246465774
5 0.593584656084656 0.6150793650793651 0.05489417989417989 0.030753968253968252
6 0.7271825396825397 0.6160714285714286 0.09722222222222222 0.030753968253968252
4 0.31547619047619047 0.8216765873015873 0.2911612697379299 0.030360630580357144
5 0.5853174603174603 0.8244047619047619 0.041005291005291 0.030753968253968252
6 0.7278439153439153 0.8253968253968254 0.0958994708994709 0.030753968253968252
4 0.32242063492063494 0.45783730158730157 0.28505291005291006 0.024825202094184026
5 0.5879629629629629 0.45982142857142855 0.041005291005291 0.028769841269841268
6 0.728505291005291 0.46106150793650796 0.09457671957671958 0.03125
4 0.2774478064643012 0.8737560756622799 0.22170812616903315 0.030356210375589037
5 0.5916005291005291 0.8777281746031746 0.056216931216931214 0.03125
6 0.7341269841269841 0.8782242063492064 0.08333333333333333 0.032242063492063495
4 0.31746031746031744 0.7170138888888888 0.28983924502418157 0.029345921107700894
5 0.5859788359788359 0.7192460317460317 0.03968253968253968 0.028769841269841268
6 0.7351190476190477 0.7202380952380952 0.08531746031746032 0.030753968253968252
4 0.31940498553886615 0.5615081787109375 0.2884387061709449 0.02782403855096726
5 0.5879629629629629 0.5634920634920635 0.041005291005291 0.02976190476190476
6 0.7291666666666666 0.5625 0.09325396825396826 0.027777777777777776
4 0.32242063492063494 0.40674603174603174 0.2876984126984127 0.026809086875310018
5 0.5942460317460317 0.408234126984127 0.056216931216931214 0.02976190476190476
6 0.7271825396825397 0.40922619047619047 0.09193121693121693 0.027777777777777776
4 0.2834002681510158 0.6644307393876333 0.2217161188680659 0.028341565813337053
5 0.5873015873015873 0.6671626984126984 0.042328042328042326 0.028769841269841268
6 0.7341269841269841 0.6676587301587301 0.08333333333333333 0.027777777777777776
3 0.26794193460860133 0.33147639397639395 0.17410572966128526 0.025437525437525487
