0 0.5629462062095301 0.18212110855651528 0.5198821185455753 0.03262287951283165
1 0.26774447949526814 0.3500590318772137 0.16482649842271294 0.030696576151121605
2 0.7599590220224495 0.3519467359634347 0.18261849107388062 0.03219789496227119
3 0.28509463722397477 0.38016528925619836 0.1995268138801262 0.030696576151121605
7 0.8198324738992877 0.8031291939151047 0.09737037634623916 0.039758747555711335
8 0.806782334384858 0.8358913813459268 0.1277602523659306 0.03659976387249114
4 0.3422712933753943 0.5274498229043684 0.32334384858044163 0.027744982290436836
5 0.6470820189274448 0.5277449822904369 0.04968454258675079 0.03423848878394333
6 0.804416403785489 0.5277449822904369 0.1056782334384858 0.031877213695395513
4 0.33630919832536477 0.7420270214959047 0.33211346454800866 0.031898687693698344
5 0.6569400630914827 0.7423258559622196 0.06624605678233439 0.03600944510035419
6 0.8186119873817035 0.7411452184179457 0.0946372239747634 0.03600944510035419
4 0.3462145110410095 0.467827626918536 0.3217665615141956 0.026564344746162927
5 0.6447160883280757 0.4675324675324675 0.04810725552050473 0.03305785123966942
6 0.8032334384858044 0.46871310507674147 0.10646687697160884 0.03305785123966942
4 0.3387223974763407 0.6809327036599764 0.32413249211356465 0.027744982290436836
5 0.6478706624605678 0.6797520661157025 0.04810725552050473 0.03364817001180637
6 0.8091482649842271 0.6791617473435655 0.10883280757097792 0.032467532467532464
4 0.34069400630914826 0.5882526564344747 0.32334384858044163 0.027744982290436836
5 0.6470820189274448 0.5879574970484062 0.04652996845425868 0.03423848878394333
6 0.807570977917981 0.5873671782762692 0.1056782334384858 0.03305785123966942
