0 0.49627241061852834 0.2066160496909058 0.7515494053889885 0.045930447624568556
1 0.3803145325881702 0.39772566446828383 0.17453792892974995 0.0354524611508959
2 0.33874879991861695 0.4357928330833027 0.09394968241554925 0.03657759913951715
3 0.3286172519248987 0.4760041325822978 0.07622980525301849 0.03632992725522946
7 0.8333333333333334 0.7510932944606414 0.0779305828421742 0.04154518950437318
8 0.826784544859201 0.7922740524781341 0.09495743287491815 0.04518950437317784
4 0.2937141973049561 0.5947488056327441 0.35315086299793813 0.03794811904951713
5 0.5658153241650294 0.5962099125364432 0.06286836935166994 0.04227405247813411
6 0.8091028159790439 0.5954810495626822 0.09495743287491815 0.04081632653061224
4 0.22269684017758473 0.6789354151956541 0.21618608376053947 0.041635941485969385
5 0.5651604453176162 0.6800291545189504 0.06417812704649639 0.043731778425655975
6 0.7996070726915521 0.6778425655976676 0.1100196463654224 0.04081632653061224
