0 0.552661412097953 0.19514474497028175 0.5951398069372145 0.03578755117023993
1 0.2302013422818792 0.3854519091348477 0.17462432656512164 0.032478963078479944
2 0.7734899328859061 0.3818269695505075 0.19798657718120805 0.03286611889801837
3 0.24627682474635593 0.41735484370752024 0.21361606265074454 0.03346564402149287
7 0.8325503355704698 0.8540357660705655 0.09731543624161074 0.031899468342194294
8 0.8238255033557047 0.8854519091348477 0.1174496644295302 0.033832769453842435
4 0.3187919463087248 0.6338811019816336 0.3436241610738255 0.026582890285161913
5 0.6469798657718121 0.6350894151764137 0.04832214765100671 0.03286611889801837
6 0.8231543624161074 0.6338811019816336 0.11610738255033556 0.03528274528757854
4 0.31238386935035656 0.7875787468564978 0.3309369592858641 0.032432648339324556
5 0.6476510067114094 0.791203479942001 0.049664429530201344 0.03286611889801837
6 0.8224832214765101 0.791686805219913 0.1174496644295302 0.033832769453842435
4 0.3167785234899329 0.541082648622523 0.3395973154362416 0.026582890285161913
5 0.6456375838926175 0.5405993233446109 0.04832214765100671 0.03431609473175447
6 0.8218120805369128 0.5396326727887869 0.11610738255033556 0.03431609473175447
4 0.31875982092530936 0.6952637072748006 0.34637297559904573 0.0334162317997825
5 0.6560402684563759 0.6984050265828903 0.06644295302013423 0.03479942000966651
6 0.8315436241610739 0.6979217013049782 0.10201342281879194 0.035766070565490575
