0 0.5682201958797704 0.35355337066289666 0.40532477766520325 0.03960045218991091
1 0.609457671957672 0.5865575396825397 0.18584656084656084 0.030257936507936508
2 0.5932138297492522 0.6223618647456768 0.15628902176492984 0.03312537707021639
3 0.5586029067041726 0.6601115129596142 0.08539280691179427 0.03327807916415514
7 0.7853835978835979 0.8323412698412699 0.13161375661375663 0.03869047619047619
4 0.3247354497354497 0.7192460317460317 0.0873015873015873 0.037698412698412696
5 0.6583994708994709 0.7155257936507936 0.05886243386243386 0.036210317460317464
6 0.8082010582010583 0.7130456349206349 0.09024419229497355 0.04041496155753968
4 0.376322761414543 0.7594246031746031 0.18673792844096188 0.036832052563864084
5 0.6583994708994709 0.7571924603174603 0.061507936507936505 0.03422619047619048
6 0.8025793650793651 0.7552083333333334 0.10404055963748346 0.039389352949838786
8 0.7737592927466346 0.8717098653807513 0.1640881387716831 0.035789632308619625
