0 0.5644924988279418 0.3211584031785471 0.31264650726676046 0.030553396576399917
1 0.5896202031259502 0.5092393039591316 0.15144742443593015 0.02418012224046702
2 0.5766245514808733 0.5356715243568693 0.1284969287842851 0.026871237000547363
3 0.5489455999513471 0.5648433223864258 0.07009821808672381 0.027059386973180027
7 0.7218117131910234 0.8648969166210546 0.10566806543818029 0.028507571611019977
8 0.7122551864032899 0.8965114484932101 0.1260855111633275 0.03358118926885022
4 0.41633597883597884 0.6423611111111112 0.17394179894179895 0.026785714285714284
5 0.6279761904761905 0.6431051587301587 0.0496031746031746 0.03125
6 0.7463624338624338 0.6438492063492064 0.07781304253472222 0.038023328024243554
4 0.3429232804232804 0.7693452380952381 0.03902116402116402 0.028769841269841268
5 0.6253626788104022 0.7693262554350353 0.05411424586381862 0.03412113492451017
6 0.7457010582010583 0.7703373015873016 0.07208994708994709 0.03273809523809524
4 0.40476190476190477 0.6755952380952381 0.15476190476190477 0.026785714285714284
5 0.6263227513227513 0.6760912698412699 0.046296296296296294 0.027777777777777776
6 0.7400793650793651 0.6770833333333334 0.08766020921172288 0.03496442522321429
4 0.3941798941798942 0.8030753968253969 0.14166211325024802 0.032859317840091766
5 0.6256613756613757 0.8030753968253969 0.04497354497354497 0.027777777777777776
6 0.7450396825396826 0.8035714285714286 0.07341269841269842 0.03273809523809524
4 0.3740079365079365 0.609375 0.09325396825396826 0.028273809523809524
5 0.6276455026455027 0.6106150793650794 0.046296296296296294 0.027777777777777776
6 0.7420634920634921 0.6098710317460317 0.08465608465608465 0.03125
