0 0.5070858453120267 0.16702503153026907 0.46914738550939417 0.04882416286301517
1 0.5499155584617595 0.4452694704103439 0.22301332393806136 0.04108346356252002
2 0.5292985457656116 0.484304932735426 0.1852010265183918 0.03587443946188341
3 0.487382378100941 0.5285073670723895 0.10136869118905047 0.037155669442664956
7 0.7527801539777588 0.7373478539397822 0.15767923555790206 0.048906481472213326
8 0.7386650822935602 0.783480070555233 0.18235190124772777 0.046234306809537155
4 0.22540633019674935 0.5944907110826393 0.1377245508982036 0.03971812940422806
5 0.6035072711719418 0.5951313260730301 0.07100085543199315 0.04099935938500961
6 0.7741659538066724 0.5935297885970532 0.11976047904191617 0.04163997437540039
4 0.21043627031650983 0.6454196028187059 0.10692899914456801 0.039077514413837285
5 0.602224123182207 0.6454196028187059 0.06928999144568007 0.039077514413837285
6 0.7784431137724551 0.6450992953235106 0.11377245508982035 0.04099935938500961
