0 0.5024220189314528 0.16246282182358956 0.6341877898481673 0.039885212380332734
1 0.5392421364643587 0.4269741274051619 0.21949552505108066 0.03398277967243484
3 0.4794778267000489 0.5084470127573576 0.09996690552246114 0.0348301124163193
7 0.7404575784270405 0.8447563258438461 0.15651325835211202 0.04304597742266123
8 0.7266569840430857 0.8884515174890457 0.1826755567922424 0.04617809844786966
4 0.23316498316498316 0.5741995073891626 0.1531986531986532 0.03633004926108374
5 0.5951178451178452 0.5732758620689655 0.0707070707070707 0.04064039408866995
6 0.7634680134680135 0.5732758620689655 0.11784511784511785 0.04064039408866995
4 0.2074915824915825 0.6225369458128078 0.10521885521885523 0.04064039408866995
5 0.5959595959595959 0.6225369458128078 0.06902356902356903 0.04064039408866995
6 0.7718855218855218 0.6219211822660099 0.10101010101010101 0.04187192118226601
4 0.2521043771043771 0.6702586206896551 0.18602693602693604 0.03879310344827586
5 0.5951178451178452 0.6699507389162561 0.0707070707070707 0.03940886699507389
6 0.7697811447811448 0.6687192118226601 0.1074557834201389 0.04716469149284175
2 0.5283002438174852 0.46655766944114146 0.1944734703355393 0.039281467640564
