0 0.5143785119560313 0.287329272794389 0.4601072556498912 0.0304386612526147
1 0.5462962962962963 0.4806547619047619 0.15873015873015872 0.026785714285714284
2 0.5349326501697603 0.5106803177716168 0.13662680578027114 0.029315861658837206
3 0.5046795447738844 0.5411799940101828 0.07487271638215032 0.027609314165917883
7 0.6997354497354498 0.7916666666666666 0.11399381122891865 0.03487396240234375
8 0.691468253968254 0.8266369047619048 0.13161375661375663 0.03521825396825397
4 0.30654761904761907 0.5932539682539683 0.07473544973544974 0.028769841269841268
5 0.5882936507936508 0.5890376984126984 0.052248677248677246 0.03125
6 0.7172619047619048 0.5880456349206349 0.08168699880125661 0.036473592122395836
4 0.36874875063618656 0.6289646511986142 0.20191226939044932 0.03488044133262029
5 0.5896164021164021 0.6264880952380952 0.052248677248677246 0.030753968253968252
6 0.7123015873015873 0.625 0.0873015873015873 0.031746031746031744
4 0.35152117411295575 0.6656746031746031 0.16745630900065103 0.032839578295510916
5 0.5909391534391535 0.6619543650793651 0.0496031746031746 0.027281746031746032
6 0.7129629629629629 0.6604662698412699 0.08862433862433862 0.032242063492063495
