0 0.5025909176559262 0.19973415954252485 0.660919540229885 0.03888793262825049
1 0.5436027887695497 0.4517423068831641 0.2209911437723761 0.031623539311874845
2 0.525 0.4894620077648364 0.1860655737704918 0.03494176372712146
3 0.48032786885245904 0.5285635052689961 0.10327868852459017 0.03549639489739324
7 0.7444186052315559 0.8458977806155559 0.1565368238312164 0.04197510196751606
8 0.7332247043837481 0.8877528951413391 0.18286169442794445 0.040460112899517856
4 0.20245901639344263 0.6821963394342762 0.10655737704918032 0.036605657237936774
5 0.5991803278688524 0.6816417082640044 0.07213114754098361 0.03993344425956739
6 0.7774913099945568 0.6796999236840509 0.11285765600986168 0.045228371009255405
4 0.288568115234375 0.5909591734045688 0.2754968862064549 0.03390034079485579
5 0.6 0.5917914586799778 0.07049180327868852 0.036605657237936774
6 0.770049048251793 0.5906829072314372 0.12585859455046106 0.044679291567006375
4 0.25491803278688524 0.6347753743760399 0.21147540983606558 0.03383250138657792
5 0.5991803278688524 0.6358846367165835 0.06885245901639345 0.036051026067665005
6 0.7709016393442623 0.6350526899611758 0.1221311475409836 0.03993344425956739
