0 0.5407948376390503 0.17367816413800738 0.5877179579034757 0.043603227631994715
1 0.21702240879796603 0.40408406026962723 0.17731922190031335 0.03745704467353952
2 0.7586471944657955 0.4 0.20154549835463106 0.04274700990657217
3 0.23170395542528885 0.44329861250939645 0.21299485625165138 0.04131408901149055
4 0.29285165257494233 0.7133979928452534 0.33358954650269024 0.0385449386544244
5 0.6329746348962336 0.7164948453608248 0.05149884704073789 0.044673539518900345
6 0.8020757488980832 0.715453640128329 0.13772580662110875 0.0468774330165378
4 0.2995624667415597 0.5978059740946339 0.3571217406728551 0.03912238963785354
5 0.6277124105717495 0.5962199312714777 0.055578549045113106 0.042294475284166015
6 0.8080470643883401 0.598863335976738 0.12534736593153198 0.04335183716627009
7 0.8169159817891564 0.7981760507533703 0.11470466505055286 0.04017975151995778
8 0.8145509371489386 0.8388844832143801 0.12416484361142309 0.041237113402061855
