0 0.4939172184830533 0.31235746214194493 0.1372643892821449 0.02749270206166759
1 0.32936507936507936 0.5198412698412699 0.23941798941798942 0.025793650793650792
2 0.3167989417989418 0.5456349206349206 0.21693121693121692 0.025793650793650792
3 0.7099867724867724 0.5198412698412699 0.19113756613756613 0.025793650793650792
7 0.7324542063166899 0.7277391413184244 0.15432165487254978 0.029150434750489253
8 0.7177568326747193 0.7554522140076986 0.17763478687947332 0.03073943259398068
4 0.3521825396825397 0.6741071428571429 0.2876984126984127 0.025793650793650792
5 0.6051587301587301 0.6746031746031746 0.041005291005291 0.028769841269841268
6 0.7628968253968254 0.6755952380952381 0.09457671957671958 0.030753968253968252
4 0.31055323282877606 0.6212793380495102 0.2044397989908854 0.0293487064422123
5 0.6051587301587301 0.623015873015873 0.041005291005291 0.02976190476190476
6 0.7609126984126984 0.623015873015873 0.09325396825396826 0.027777777777777776
