0 0.526959706959707 0.12663497907253746 0.5816117216117216 0.033019436839972244
1 0.28269168560321517 0.4062836577926857 0.2747642399714543 0.03194606615149456
2 0.7326927771935097 0.407974022022192 0.31628493088942305 0.03531942321482488
3 0.31 0.4420289855072464 0.3323076923076923 0.03285024154589372
7 0.7946107209034454 0.8201161653331321 0.18513753255208326 0.042537395581723064
8 0.7816483717698317 0.8587249477384428 0.2094505896935096 0.04326846767226916
5 0.5246153846153846 0.6120772946859904 0.07384615384615385 0.034782608695652174
6 0.7854125507061298 0.613525832908741 0.20971876878004808 0.04568148258227657
5 0.5219225135216347 0.7490478220769172 0.07826500525841346 0.03948019276494565
6 0.7846163236177884 0.7509614069104771 0.20649132361778846 0.043226807820048306
4 0.37435897435897436 0.5783682232957595 0.4786324786324787 0.036500268384326295
4 0.33418803418803417 0.7147074610842726 0.39829059829059826 0.036500268384326295
