0 0.5283333333333333 0.12792897493175073 0.5843589743589742 0.03560742855839876
1 0.28269168560321517 0.4062836577926857 0.2747642399714543 0.03194606615149456
2 0.7326927771935097 0.407974022022192 0.31628493088942305 0.03531942321482488
3 0.31 0.4420289855072464 0.3323076923076923 0.03285024154589372
7 0.7963201226128472 0.8211897026385535 0.18855633597088678 0.044684470192565745
8 0.7826638559194712 0.8572473203502415 0.20741962139423076 0.0462237224486715
5 0.5246153846153846 0.6120772946859904 0.07384615384615385 0.034782608695652174
6 0.7854125507061298 0.613525832908741 0.20971876878004808 0.04568148258227657
5 0.5219225135216347 0.7490478220769172 0.07826500525841346 0.03948019276494565
6 0.7846163236177884 0.7509614069104771 0.20649132361778846 0.043226807820048306
4 0.37777777777777777 0.5762211486849168 0.4786324786324786 0.036500268384326406
4 0.32820512820512815 0.7136339237788513 0.40683760683760684 0.036500268384326295
