0 0.5039571989363049 0.1632770547962023 0.5837947667123303 0.03847790515248952
1 0.1763266330088254 0.39695595860279326 0.17582602090701743 0.03961650346511505
2 0.7208660095475519 0.39581717561692725 0.20327753203172666 0.04189744687632341
3 0.19310554751104667 0.43788819875776397 0.21426167234987512 0.0401559632622812
7 0.7806589383770591 0.8037831733483908 0.10450827486272117 0.047041252735036704
8 0.773947528981086 0.8466967814793902 0.12159081971667175 0.048204470461603616
4 0.2507933639330861 0.5957085357958957 0.3356318773475633 0.03502921691928995
5 0.5912141549725443 0.598531902879729 0.04514948139109213 0.04178430265386787
6 0.7660158633312996 0.5974025974025974 0.11653447223917023 0.039525691699604744
4 0.2599778972452139 0.718403417747142 0.36607687614399026 0.04048453597264092
5 0.58691447845557 0.718403417747142 0.04834977609448926 0.04048453597264092
6 0.772255286817779 0.7215995653239294 0.12202562538133008 0.049007596177407395
