0 0.5663197632894603 0.11476264997391757 0.26249640574709443 0.025502811105315003
1 0.2531930879038317 0.2948356807511737 0.1758076634109692 0.02535211267605634
2 0.7719759579263712 0.2915492957746479 0.20074137308649512 0.032015718988409624
3 0.26803420167206765 0.32204138138311766 0.20792803486717895 0.02710485677819163
7 0.8248987753126712 0.8633649367591867 0.12192333128837744 0.028327218001941584
8 0.8157874840314807 0.8922288014108959 0.13440863067623848 0.03171894867468708
4 0.3275732531930879 0.573943661971831 0.32006010518407213 0.025821596244131457
5 0.6487603305785123 0.5744131455399061 0.048835462058602556 0.02863849765258216
6 0.816679188580015 0.5744131455399061 0.11720510894064613 0.03051643192488263
4 0.32982719759579265 0.497887323943662 0.32156273478587527 0.025821596244131457
5 0.6487603305785123 0.497887323943662 0.048835462058602556 0.027699530516431925
6 0.8174305033809166 0.49741784037558684 0.11570247933884298 0.03051643192488263
4 0.3253193087903832 0.42300469483568076 0.32006010518407213 0.02535211267605634
5 0.6480090157776108 0.42183098591549295 0.0473328324567994 0.027699530516431925
6 0.8174305033809166 0.42089201877934274 0.11269722013523667 0.027699530516431925
4 0.32719759579263713 0.8063380281690141 0.32381667918858004 0.025821596244131457
5 0.6521412471825695 0.8089201877934272 0.05259203606311044 0.03286384976525822
6 0.8196836682211448 0.8110406866655663 0.12197850755423553 0.03350234054063967
4 0.3335837716003005 0.6504694835680751 0.33658903080390684 0.022065727699530517
5 0.6487603305785123 0.6514084507042254 0.048835462058602556 0.02863849765258216
6 0.8271975957926371 0.6525821596244131 0.09917355371900827 0.030985915492957747
4 0.33443247906057827 0.7288587492030371 0.34412072979566094 0.02724163913522287
5 0.6493354110434 0.7294383585463396 0.048232555119607494 0.02492320176201249
6 0.8213957759412305 0.7320466005912014 0.11779874038827211 0.028980467165130707
