0 0.5635523343063046 0.11987093761277037 0.7287801579841356 0.044895879768197144
1 0.5814698461386237 0.3714046148294381 0.25034218902026745 0.037869621516058494
2 0.5589242904135411 0.40920432978519145 0.20854928499436726 0.04129600593731925
3 0.510855225185112 0.4504924748986393 0.11241115453750884 0.038962830881572555
7 0.7775317864740513 0.764041902821117 0.19198040864789984 0.0450550850156021
8 0.7556564257326143 0.8106100407961374 0.21282507956925426 0.050203927566504616
4 0.1997971602434077 0.5104438642297651 0.13184584178498987 0.04699738903394256
5 0.6288032454361054 0.5091383812010444 0.0973630831643002 0.044386422976501305
6 0.8297981122928023 0.5065294469927994 0.13089348288143382 0.0526992359609579
4 0.19371196754563894 0.5567885117493473 0.12778904665314403 0.048302872062663184
5 0.6288032454361054 0.554177545691906 0.09330628803245436 0.04569190600522193
6 0.8166650175629545 0.5548409008894266 0.1435462326225696 0.041754229552739414
4 0.22718052738336714 0.6024804177545692 0.20689655172413793 0.04858972136096606
5 0.6257606490872211 0.6005221932114883 0.09127789046653144 0.04699738903394256
6 0.8123732251521298 0.5992167101827677 0.1440162271805274 0.04699738903394256
