0 0.4528502138405726 0.00980679877102375 0.5735842146963444 0.0196135975420475
2 0.706591528166765 0.1469171866774559 0.16450113420466456 0.01899532973766327
1 0.29939097278522997 0.15104980766773224 0.2549494777335561 0.01787993311882019
3 0.27808140208886106 0.16666557639837265 0.21290882678401796 0.018228337168693542
6 0.7610272101636203 0.49248796701431274 0.08627991106525157 0.016318798065185547
5 0.5686889264568593 0.4948966056108475 0.04156890805162474 0.01597270369529724
4 0.3117358929456155 0.4968043863773346 0.2508558677177509 0.01459437608718872
6 0.760991958202306 0.5071206986904144 0.08839362122477726 0.015332996845245361
5 0.5691374452858851 0.5092784762382507 0.041696672419582026 0.016063332557678223
4 0.3189945980687811 0.5111845135688782 0.2645081014253308 0.015123367309570312
6 0.7483254678594241 0.5226102471351624 0.11395986624983621 0.017052769660949707
5 0.5694618465015723 0.5240923762321472 0.040627917403694966 0.016843438148498535
4 0.33123229084774636 0.5253697335720062 0.29327667684175185 0.015173494815826416
6 0.7633619008574096 0.5511093735694885 0.08853283768180031 0.01775968074798584
5 0.5717341584979363 0.5528290867805481 0.041322720125786166 0.016677379608154297
4 0.2611588212179188 0.5558228492736816 0.14992574375880338 0.015825986862182617
6 0.7507107972598925 0.5808975100517273 0.11662756322064989 0.017713546752929688
5 0.5730948778068494 0.5826834738254547 0.0415403098180359 0.01707702875137329
4 0.3448859400719217 0.5846019685268402 0.3141396800427067 0.015403807163238525
6 0.7667973996208399 0.6094774305820465 0.08882995221599843 0.017495334148406982
5 0.5734579538149404 0.6117474436759949 0.04348383809535508 0.01780986785888672
4 0.33769523572621857 0.6135323643684387 0.2997870295302673 0.01610422134399414
6 0.7614776803262578 0.6389966011047363 0.10343808348073899 0.01763284206390381
5 0.5753343370225694 0.6413581967353821 0.042509770743252094 0.01737844944000244
4 0.283929668882358 0.6431077122688293 0.1931916082930015 0.016933083534240723
6 0.7694759728773585 0.6682186722755432 0.09025141877948113 0.016769766807556152
5 0.5856502700901631 0.6704068183898926 0.059381129106885484 0.017911672592163086
4 0.3394083946755847 0.6737208962440491 0.30432042535745873 0.01874411106109619
7 0.7403470405242728 0.8046027719974518 0.16813611684355345 0.019276082515716553
8 0.7134571515289243 0.8222221434116364 0.2240329318576389 0.02006286382675171
