0 0.4523183497232043 0.122380255398583 0.7182774295136516 0.028711128081116595
1 0.2579250720461095 0.3099279835390947 0.30643611911623436 0.023148148148148147
2 0.7617675312199808 0.30941358024691357 0.1978866474543708 0.02417695473251029
3 0.22891103914752864 0.3304389732541775 0.25201283460590035 0.021995075425377052
7 0.7596248044522363 0.6901685498962176 0.1955678068818867 0.022685047039769687
8 0.7418759246382743 0.7121801817935917 0.233252545347034 0.024831172655971515
4 0.28139584136997287 0.5109037296263893 0.34487583864697036 0.02153203071838244
5 0.5710363293925436 0.5099134020284501 0.049997352636395945 0.020272350215482276
6 0.7965245795725849 0.5111704324780572 0.12395523547841282 0.02342887678913043
4 0.29800529530168124 0.5506740308422534 0.3812447740898838 0.02137965290672468
5 0.5714145241931214 0.4718293315187453 0.04772818383292862 0.019482518388905107
6 0.7973405341623363 0.5707527299828262 0.1253488847035331 0.02091636693561457
4 0.2915617894186457 0.3911090176596197 0.37249358576830943 0.021787798925694754
5 0.5727908899670472 0.39164648122102413 0.051344252726808426 0.02226259311350729
6 0.7973102785782901 0.38914609053497945 0.13064361191162344 0.02726337448559671
4 0.24261574651871684 0.5302593042944669 0.26813254971370654 0.01927465799348421
5 0.5710363293925436 0.530272836265837 0.049997352636395945 0.020057677975438257
6 0.7960319801523368 0.530880399209358 0.1264532135212206 0.019652636013090932
4 0.29707579780193183 0.4722485499497748 0.3725143146732018 0.0194541654515408
5 0.5714145241931214 0.5714676290463692 0.05075374223755164 0.021106736657917756
6 0.7969623393617584 0.4706121804218917 0.12156693669775438 0.020296652733223168
4 0.27837028296534977 0.5722250575159586 0.34033750104003574 0.019591879718738853
5 0.5710363293925436 0.5497675059136127 0.05151013183870735 0.02157253491461728
6 0.7967051668973654 0.5506707494896471 0.12510684003116332 0.019766047762548266
4 0.24340239170391886 0.490746816370176 0.26958481774792564 0.020531577071384605
5 0.5710363293925435 0.49183637924889023 0.04848457343408443 0.019972619163345286
6 0.7958277549600248 0.490823774343022 0.1238361055012216 0.020377661125692607
4 0.2976902686073517 0.45141147145158383 0.37361227641386685 0.02099327838140803
5 0.5825561430181458 0.45141521661644146 0.07082832225222574 0.023046887657561348
6 0.8052296777023908 0.45080765367292047 0.10503226001648933 0.02183176177051943
4 0.2600013375649023 0.3718567703293967 0.30734201534551736 0.019798345576228324
5 0.5725659358698427 0.36975829556701567 0.05003100718637139 0.023467208417981982
6 0.7973102785782901 0.36882716049382713 0.12680115273775217 0.023662551440329218
