0 0.3187444739168876 0.08384743598069136 0.48629531388152075 0.035716604974348976
1 0.3536922481387961 0.20826384198185852 0.19128499002075997 0.030013562857103424
2 0.30771686806169557 0.2368118810536362 0.10457805285391497 0.027065315827081243
3 0.2979674686229888 0.26337797857428596 0.08674509026163604 0.03021383165445281
7 0.8722222222222222 0.6456371625863151 0.11025641025641025 0.03327055869428751
8 0.8637390706356224 0.6753522956036105 0.12722271342961003 0.03033746780093943
4 0.15555555555555556 0.3418079096045198 0.17777777777777778 0.02699309478970496
5 0.5495726495726496 0.3370998116760829 0.06495726495726496 0.030131826741996232
6 0.808974358974359 0.3352165725047081 0.12393162393162394 0.031387319522912745
4 0.2200854766063201 0.36880100439422475 0.31049985967130744 0.03211989465630885
5 0.5495726495726496 0.3659761456371626 0.06837606837606838 0.030131826741996232
6 0.808974358974359 0.36472065285624605 0.12564102564102564 0.031387319522912745
4 0.21988407505648888 0.39648926055177364 0.3072403968955693 0.028203030631582925
5 0.5512820512820513 0.39296924042686754 0.06837606837606838 0.030131826741996232
6 0.8104185086943707 0.3927329335959767 0.12275272620100208 0.02934894762286143
