0 0.3438011727609351 0.14386714799384576 0.4374846666031683 0.023937674998911942
1 0.3802267667430027 0.24876401927702077 0.17846800181258793 0.0224398183244808
2 0.34006845443180445 0.2696770166798152 0.09852043334091412 0.02185006488835801
3 0.33008607846430926 0.29271479691608493 0.08142991025484402 0.02497767613931391
7 0.8267123490519238 0.4634563584751459 0.09215329142696382 0.023761164870132054
8 0.8197637398843504 0.4855660655650501 0.10901209065399108 0.023064796142891
4 0.2910586170898025 0.3783866074583236 0.32829494384102237 0.022710021457012484
5 0.5577415724513746 0.3759919627442731 0.06295210383302609 0.024597774521609203
6 0.7829735012549699 0.35454235517706634 0.10559146472386959 0.02300676541562092
4 0.27276345113021333 0.4001762683340829 0.2938073343550788 0.02265374515806115
5 0.5584912226146318 0.39892981667126076 0.06589517484433191 0.024179469695870665
6 0.7905107246248048 0.3769954107366517 0.09199780843014005 0.02259087853685197
4 0.26980187023833324 0.33413311371503535 0.2849225916794385 0.023203739250620036
5 0.5561534246981038 0.33270829404169505 0.061686028001747314 0.02411902102163093
6 0.7827847004731125 0.3317725485644649 0.10448827584164429 0.0250233331882565
4 0.2633474748820921 0.4233003041777288 0.27793696275071633 0.023705552089831567
5 0.5586430036353405 0.42139737991266385 0.06685768863419293 0.025577043044291953
6 0.7836324530034133 0.3988947564402017 0.10871593256480314 0.021348053794484147
4 0.29920296454247275 0.35587388318358876 0.3431028483004228 0.023245245766080374
5 0.5568938199210738 0.35395237611648706 0.06316681844768735 0.024186723536779423
6 0.7836324530034132 0.4201654359316591 0.11019672301074317 0.023296919051971374
