0 0.44277846909974783 0.2656388216668636 0.34916714317151915 0.0198189106565846
1 0.258094116512777 0.33974851147088564 0.1299649591270854 0.01759471034694816
2 0.26554983243944086 0.35433571141198916 0.1448105821755241 0.015507303529674107
3 0.6263257830710698 0.33701596937576433 0.18560608744323123 0.017483060670881085
7 0.6590797985022282 0.4218520333170015 0.07333697030671017 0.016706301310930698
8 0.6542265645480114 0.4372099600466852 0.08446044082951328 0.017060822249574812
4 0.3028984788476935 0.380915187317029 0.2231495717109598 0.016522337849460784
6 0.6528095619336418 0.39381102042279603 0.08587744344388319 0.017020988436244062
4 0.3198529151286284 0.3959058372435045 0.2558398220244716 0.016814736127905613
5 0.472619966983839 0.38041490899965347 0.046661896091198245 0.016726218217596178
6 0.6520514655349537 0.37924976995972803 0.08597663362688908 0.016666467497600018
5 0.47398737450670597 0.3961472735746466 0.04817808888857398 0.016331863465621384
