0 0.5230778934382891 0.05108445974489028 0.19960692498782862 0.09860274924385592
1 0.5277777777777779 0.30357515113612676 0.11545138888888885 0.020846362309776968
2 0.6341145833333334 0.29868928496977276 0.0902777777777778 0.022800708776318557
4 0.40972222222222227 0.4814206795914113 0.1588541666666667 0.020846362309776968
5 0.6328125000000001 0.49314675839066086 0.049479166666666664 0.020846362309776968
6 0.7456597222222223 0.48865358800964 0.06684027777777772 0.02345215759849906
4 0.515625 0.530279341254951 0.36197916666666674 0.026057952887221156
5 0.6284722222222223 0.5446112153429227 0.033854166666666664 0.019543464665415886
6 0.74609375 0.5420054200542006 0.0659722222222222 0.02345215759849906
4 0.5520833333333334 0.5820695226183031 0.43315972222222227 0.024103606420679567
5 0.6332465277777779 0.5986814675839066 0.03472222222222219 0.018240567021054803
6 0.7356770833333334 0.5957499478840943 0.05902777777777781 0.020194913487596392
4 0.5017361111111112 0.6364654992703773 0.33072916666666674 0.02214925995413805
5 0.6375868055555556 0.6534031686470712 0.03819444444444438 0.02214925995413791
6 0.7530381944444445 0.6481915780696269 0.06770833333333333 0.020846362309776895
4 0.4427083333333333 0.6911872003335419 0.19878472222222224 0.02214925995413805
5 0.6397569444444445 0.706170523243694 0.03559027777777781 0.019543464665415886
6 0.7595486111111113 0.7022618303106108 0.0668402777777778 0.02214925995413791
4 0.4453125 0.7459089013967064 0.20225694444444453 0.02214925995413805
5 0.6449652777777779 0.7592636022514071 0.03559027777777781 0.022800708776318485
6 0.7552083333333334 0.7592636022514071 0.0894097222222222 0.022800708776318485
7 0.7751736111111112 0.8654497602668335 0.0703125 0.024103606420679498
8 0.49696180555555564 0.9283145716072545 0.10590277777777772 0.020846362309776895
