0 0.5066836611436152 0.10558222140021473 0.054594619025634346 0.021168415366267433
1 0.41814006909558193 0.26396911266925965 0.15222303205963952 0.023780582257290357
2 0.40453818439734923 0.28344643100830197 0.12769106758471996 0.022876338568420928
7 0.7952285282333397 0.6426265472835587 0.0924546306356022 0.022717273689342343
8 0.7891299373901626 0.6624678554515332 0.1081008612467153 0.02187776686321692
4 0.3084470082374785 0.3953947267757748 0.2773351498324338 0.021733089324505253
5 0.649448727013526 0.39892368914414367 0.049456487373606674 0.021016896752636894
6 0.7894973586033651 0.40008898242943836 0.0970188720460333 0.01868631018204745
4 0.282754535977552 0.5475641801419573 0.22754799255935626 0.01862646042342648
5 0.6546050551560407 0.5646252234469693 0.048341294887934545 0.021762050282008942
6 0.7989776253631045 0.4737374262599455 0.09875263207510858 0.021212844916067463
4 0.2789211575915785 0.5847477203913336 0.23981348123098198 0.01956744938249556
5 0.6550965446278189 0.5465215599075693 0.04735831594437833 0.019126267850985194
6 0.7925057666523383 0.57028329059283 0.0956007878477657 0.020751230758200016
4 0.3115913911738838 0.4910643646556301 0.2848425796586591 0.020645778510870343
5 0.6536766861537932 0.4755397408609695 0.05249739884226926 0.02077908179645424
6 0.7969530526957191 0.5129262337641748 0.09705336253528095 0.02052144892725641
4 0.3103411109386587 0.41504952496462505 0.27929535930467175 0.020473885936019936
5 0.649448727013526 0.4180459934125258 0.05175585332344605 0.022408114246305046
6 0.7920841452969344 0.41782403278675534 0.09989307948333251 0.019681169415411273
4 0.2786860273279643 0.5663900086009743 0.23338564390869224 0.020610629535824872
5 0.6540302136685808 0.6046494805724999 0.050640660837773924 0.02019247157120387
6 0.788448272888751 0.38264901890995845 0.09566799455050268 0.019479426834835268
4 0.29233927966889683 0.35606332089608345 0.25206645822361384 0.02350239858484934
5 0.6480572780029539 0.3626705515272551 0.049940019444911554 0.021385968611026977
6 0.7884133122532673 0.3630079195631785 0.09573791582147011 0.024674815142223326
4 0.2912796456621075 0.6042665215389671 0.2633831900365499 0.02254382267948654
5 0.654809123884089 0.583666274271989 0.05023252338167744 0.02173034162118458
6 0.7912743420880232 0.6088066162309683 0.09231522210179735 0.02139079850157067
4 0.3117092336788131 0.5096877926383869 0.2823075286989613 0.020656599013962936
5 0.6556886313599025 0.510108126533411 0.050772874379889726 0.020608647744523374
6 0.7959400140403349 0.5328143358664342 0.09907943984604932 0.020381070753169993
4 0.31187881191761374 0.45326157667646544 0.27621995734676164 0.02094328501137802
5 0.6497525476157933 0.4378035027981268 0.053447578068750924 0.021736204984926698
6 0.7952285282333396 0.43573348077860613 0.10050241146003991 0.018741800338489982
4 0.3082358345560083 0.37588680757837617 0.2812065461201332 0.02190581820947887
5 0.6554845626318544 0.49218084241984644 0.055779743735664855 0.01841282298243751
6 0.800419346865102 0.4930548123838175 0.10046792097079235 0.02062846565753869
4 0.3139913543840286 0.47202588469195816 0.28349170216312847 0.020672345448999103
5 0.6485692195377125 0.38043159450964537 0.05121550232523377 0.01995069303241822
6 0.7906952182349779 0.5894184594494613 0.09347346980788787 0.022909435595978425
4 0.3109130782186812 0.5286003601497333 0.2816004736693857 0.020089140459876618
5 0.6568210690901983 0.528029465273071 0.05080736486913739 0.01964549717198385
6 0.7951737593545347 0.5522297771145125 0.09831258326781034 0.019600581246228516
4 0.3127410741488035 0.43421143590793265 0.2779444818091411 0.020200457038619887
5 0.6515213049447416 0.4568311259710236 0.05335911233561324 0.020938635107739596
6 0.7983901564143687 0.45437817334332153 0.09877788699766048 0.021088241239491608
3 0.3723851897839171 0.3008299741970773 0.06553192957042095 0.022196062577042194
