0 0.4868788476717674 0.14482694340321323 0.2889541690632447 0.046795801028131134
2 0.6752199665297811 0.3318676217678952 0.14103822365785268 0.02560671234909784
3 0.30412663201660856 0.363188007798615 0.17949602371607076 0.025071203016968007
7 0.6841168091168092 0.4933184736186612 0.14316239316239318 0.024588017083326617
8 0.6701139601139601 0.515268594071966 0.166894586894587 0.025587633459313485
4 0.31174145299145306 0.42248361234291315 0.18705840455840458 0.021936769797905466
5 0.5458333333333333 0.41838649155722324 0.03666666666666667 0.02626641651031895
6 0.7058867521367521 0.4138203364282163 0.09107549857549865 0.026434790975128655
4 0.31470314819248996 0.46169365352789393 0.18825752127883782 0.0247640482250233
5 0.547104700854701 0.4576244233842732 0.03542022792022796 0.02648824318617937
6 0.7058333333333333 0.4537210756722952 0.09333333333333334 0.028142589118198873
1 0.3233618233618234 0.34071241106888384 0.2236467236467237 0.02298445075180533
