0 0.3776422764227642 0.0762936018730111 0.3796854243052235 0.014473361647104579
1 0.39821148619045454 0.1264552200143473 0.15362750851605678 0.013911410859853774
3 0.3554386487770577 0.1486549062272022 0.06913226724741499 0.011475118840948359
7 0.7510318949343339 0.6210222242929694 0.11144465290806746 0.013511624656385312
8 0.7464040025015635 0.6328565438195964 0.12445278298936828 0.013604808274705232
4 0.24269783958086832 0.33177346053363516 0.24254403925983783 0.012333181161977413
5 0.5295482689926236 0.32936529561042915 0.05757820492112213 0.013549102803634163
6 0.7455446077639584 0.32836811725584736 0.11231357346686045 0.012334487226284703
4 0.2942395399563752 0.43503937007874016 0.3092008724965299 0.012032618811954396
5 0.528476821192053 0.4348959691296866 0.05541377268077316 0.012675440531726692
6 0.7482366876648898 0.44491598509432373 0.09400743014052658 0.010685877714088564
4 0.23833301580265925 0.39074080189264504 0.2258919695844496 0.013173520234151309
5 0.5285502296147174 0.4113569344766015 0.05419012387507165 0.01242116861182893
6 0.7514573927156208 0.37602618415229605 0.09510384376167277 0.010880792813895175
4 0.25452059996448845 0.413425535277906 0.23952116374344043 0.012123091445044962
5 0.528214047929528 0.3424257149820165 0.05593931920582328 0.012698920816750022
6 0.7458191999138535 0.35348634782852856 0.11391805308781569 0.012639339593503439
4 0.285474915724767 0.4577301300851768 0.2981756890739639 0.0115610572869155
5 0.5276638130619716 0.4566868965627895 0.05596295698056321 0.011612468461819278
6 0.7415064879125612 0.45507839920417487 0.10746782964518377 0.010818247820907208
4 0.2593396787626413 0.35556794847173184 0.2727146539758081 0.013199686812131644
5 0.5273999892316804 0.3541943273392405 0.057567436601518265 0.01322898825115022
6 0.7420449038927475 0.41025106196926603 0.10531416572443866 0.014231792090685565
4 0.23837086027483897 0.37919973853568584 0.2305753526210538 0.012618826691314724
5 0.5284912664988385 0.445789745200752 0.05538488206720218 0.012548451323559284
6 0.7451965828252033 0.3408109838046631 0.11193279138399821 0.01392277549238616
4 0.2321050080419503 0.3222947306788064 0.21455262520104884 0.01060842314697416
5 0.5270032685789626 0.38987834375156843 0.056207213986208704 0.014062831873038915
6 0.7425158915198536 0.3879261002385717 0.1043721904702265 0.012351617397634409
4 0.2919327543367383 0.46812600892226414 0.3106417290818277 0.011451517337401376
4 0.279622890238674 0.3117093597956269 0.3051206680651863 0.014051549720766984
5 0.5298174769827168 0.30835014701104285 0.05703978894093576 0.011054909527037592
5 0.529632314413921 0.31819704479089383 0.05848694603889994 0.013021676901298912
6 0.7403973509933774 0.3048303055342738 0.12368491896839498 0.01207776944336363
6 0.7452807839336671 0.31649893101110704 0.11176438916707049 0.0132089321743596
4 0.2810727741423756 0.47782940124979695 0.30697997223874673 0.013317870913415448
5 0.5260539492812147 0.4667490302886872 0.052721692779841685 0.010340913193288382
6 0.740650406504065 0.46574422084147277 0.10702632854143117 0.0107460459444607
4 0.23629783858814202 0.3676744323469885 0.22678960935950826 0.012032618811954396
5 0.526592365261401 0.3779948736667723 0.058105852581704635 0.012559115286340681
6 0.7434286329618264 0.43324936522516955 0.10470037150702635 0.011556311446805266
4 0.2533238333339814 0.3437129920342565 0.2593646276013214 0.012681858923908664
5 0.5258870403273569 0.36641229365109723 0.05736283852904744 0.013261469312099095
6 0.7523286491143057 0.3654959266108038 0.09659182684542071 0.011484109570358688
2 0.3639672671236517 0.1381614628488181 0.0860832137733142 0.011876343511359732
5 0.529262908523125 0.4775351883867293 0.05276476605825659 0.011231403002795843
6 0.7335917730038227 0.47603098262742627 0.11791309966079801 0.011030842234888745
4 0.2633627400103788 0.4468407283786744 0.25168655941878565 0.012887096150624403
