0 0.4343536356210831 0.02577374316504753 0.3911996756533898 0.018917281286096908
1 0.45440637311155624 0.1032974159827348 0.1542922326527635 0.020220331881178586
2 0.4187122306005669 0.1166202612979225 0.08449649713888445 0.014992503748125942
3 0.4066928712765389 0.12979814525742325 0.07003048291352483 0.018621743325376267
7 0.8072498372042544 0.30257534048101997 0.10317632588090586 0.017784700086931286
8 0.7908979089790897 0.31824108953926394 0.1373272556254974 0.01832802086351778
4 0.2796469141162 0.22603955375253548 0.13284132841328417 0.017857142857142856
5 0.6044425150133854 0.22562300782381917 0.06453946892410097 0.02028397565922917
6 0.8053324650893567 0.22518835120254999 0.12582302293611167 0.021153288901767545
5 0.6056725273135084 0.18590625905534625 0.06207944432385497 0.014959432048681517
6 0.8215758628174518 0.18547160243407707 0.09044208089139726 0.01582874529121989
4 0.28026192026626146 0.272946247464503 0.13262426741914476 0.018364242248623583
5 0.6038053951562895 0.27341723600977297 0.06002541546124325 0.01887112056231437
6 0.8009912452065697 0.272022602144306 0.1185876564647999 0.01731382208055633
