3 0.3383944490854457 0.04522164179182188 0.06258494071294085 0.015842287572584202
7 0.7665670218329864 0.45327360855184096 0.09434126731820375 0.017628443569523783
8 0.7626060969439852 0.4694470238175606 0.10533962997141236 0.018472644592454932
4 0.3314460524903782 0.42796797714746077 0.2867248691662805 0.019025418211459137
4 0.3358006978888703 0.367337789434482 0.2985256642040054 0.015533295726162806
5 0.5634274404438383 0.39302902498483516 0.05042404602463252 0.01679866778066453
6 0.7447545455477732 0.31548790816384925 0.08771650959359273 0.015081890286472941
4 0.25552647213907725 0.3361590201382146 0.1421932895573341 0.01608684452780103
5 0.5539056330950745 0.3020684307509185 0.051008583470921784 0.013880146040538985
6 0.7429958056874468 0.3007164684742427 0.09123398931424528 0.016584070593890582
4 0.3332935856793363 0.3821153558557291 0.29123383712224793 0.016307898614386276
5 0.5650810661142617 0.4237994002723954 0.05121881185072772 0.017061906996440553
6 0.7628623875790921 0.4221613084133543 0.09252099720037334 0.01747679489087018
4 0.33052259698706843 0.30559618321634957 0.2926737973398419 0.015408528580634559
5 0.5621455600791689 0.37668673388804325 0.05196230246223573 0.016864477584608618
6 0.7441725718622133 0.36036733315784053 0.10221201275727339 0.015167729161182565
4 0.33136181362868644 0.41215922839549 0.2858678425979284 0.01745188416103036
5 0.5595459066996196 0.36113559108649124 0.05203408776265739 0.0159202499628032
6 0.747704076687261 0.3313217278348099 0.08899597735676512 0.017749800828383153
4 0.33190485981659507 0.3980638051704278 0.28478175022211116 0.01645751320989821
5 0.5547106539640869 0.3149485539010907 0.05144955031636812 0.016160598811990005
6 0.7541097084491298 0.3748383367859637 0.0936182867925303 0.015410939306193
5 0.5643555218278589 0.40870892609845144 0.04959338754832684 0.016340860448880147
6 0.7601095080288874 0.4063001123201117 0.09392473913384063 0.01543589635825452
4 0.29770645965153364 0.29159894933217356 0.22601601837703691 0.015934556441921415
5 0.551244449458021 0.2878592356906596 0.049152420702880596 0.014830096253991556
6 0.7393091177586578 0.2855945200462386 0.09040333083793961 0.015353713389719973
4 0.3312435687849292 0.3211616447217944 0.29533387091106206 0.016896377959384718
5 0.5557541045809276 0.3304109965321095 0.04833714479095093 0.01785448593959237
6 0.7581501953585675 0.3905325443786982 0.09271584301580306 0.016641296510363664
2 0.3466204506065858 0.03696617174345637 0.06982282458262155 0.014263250907977679
1 0.3784147725147438 0.02931272003673664 0.1334114683989377 0.015654787581926715
