0 0.47502104700475495 0.0758109714673913 0.04067348570063493 0.01736582880434781
1 0.42143251719298186 0.20701769187494562 0.11083866931773996 0.02209019495381248
2 0.4128086419753087 0.2244014033564815 0.09239969135802466 0.01915147569444442
3 0.39296392746913583 0.2402976707175926 0.05203510802469147 0.01918764467592593
7 0.6648990535394266 0.8358876218077957 0.06537718413978484 0.015157720094085891
8 0.6500756048387096 0.8496487525201613 0.09292394713261642 0.017562373991935498
4 0.3479817708333333 0.35693359375 0.197265625 0.0185546875
5 0.5846354166666666 0.35664424189814814 0.0390625 0.01797598379629628
6 0.6826171875 0.356689453125 0.059895833333333336 0.01611328125
4 0.2799720293209877 0.3137478298611111 0.062451774691357986 0.01703559027777779
5 0.5833333333333334 0.3125 0.0390625 0.021484375
6 0.6798502604166666 0.31005859375 0.07063802083333333 0.0205078125
4 0.3405912422839506 0.4973733436178278 0.1807966820987654 0.018979904828248184
5 0.5787760416666666 0.49951171875 0.033854166666666664 0.0185546875
6 0.6774088541666666 0.4998779296875 0.0703125 0.015380859375
4 0.34881365740740744 0.455574706196785 0.199170524691358 0.018571287393569946
5 0.5817057291666666 0.457275390625 0.035807291666666664 0.01904296875
6 0.6759440104166666 0.457275390625 0.07063802083333333 0.01611328125
4 0.3484037422839507 0.4143873381393927 0.1973861882716049 0.017938449426933567
5 0.5808376736111112 0.41365559895833337 0.03797743055555558 0.019694010416666685
6 0.6769205729166666 0.414306640625 0.06803385416666667 0.01708984375
4 0.34398731037422464 0.37102084855238593 0.1885533244521529 0.018734405438105284
5 0.5814646026234568 0.3715549045138889 0.03368537808641969 0.01763237847222221
6 0.6824544270833334 0.371826171875 0.0595703125 0.01708984375
4 0.3273413387345679 0.32794415509259256 0.15911940586419748 0.017939814814814825
5 0.5837432484567902 0.32685908564814814 0.03988233024691364 0.01895254629629628
6 0.6834309895833334 0.3267822265625 0.06282552083333333 0.016845703125
4 0.3478491512345679 0.28569210237926906 0.20013503086419748 0.019517885314093708
5 0.583984375 0.2841796875 0.040364583333333336 0.021484375
6 0.681640625 0.28369140625 0.06901041666666667 0.0205078125
4 0.33133994134855854 0.7206987429548193 0.18158420368477138 0.020752231280008915
4 0.34278549382716056 0.6916956018518519 0.19675925925925922 0.01916956018518523
4 0.3328993055555556 0.7059823495370371 0.17891589506172834 0.0180844907407407
4 0.3454740547839506 0.6357486016220517 0.20006269290123457 0.020386477311452267
4 0.33940972222222227 0.6646677399123156 0.19000771604938263 0.019367308528335014
4 0.3425443672839507 0.6777705439814815 0.1943479938271605 0.01736111111111116
4 0.3274739583333333 0.621337890625 0.16145833333333334 0.021058082580566406
4 0.3313862431196519 0.6499305786909881 0.16817372080720494 0.01955155090049454
4 0.34250207742055255 0.6071770787239075 0.18891040484110513 0.022059321403503418
4 0.3473307291666667 0.59228515625 0.196182648340861 0.020540475845336914
4 0.3485744595527649 0.5649378597736359 0.19868441422780356 0.020581543445587158
4 0.3352141203703704 0.5778093139330546 0.16714891975308635 0.01781480842166472
4 0.3296995560328166 0.5518927916332528 0.1592737274405397 0.018827263955716877
4 0.3444052551999504 0.5380960471100278 0.1877326994766424 0.019655706705870468
4 0.35026041666666674 0.5106698495370371 0.1982060185185185 0.01880787037037046
4 0.3505015432098766 0.524856005553846 0.1948302469135802 0.019691756478062317
5 0.5751953125 0.70703125 0.033203125 0.0166015625
5 0.5771484375 0.665771484375 0.032552083333333336 0.01611328125
5 0.576171875 0.6798095703125 0.034505208333333336 0.017333984375
5 0.57666015625 0.69384765625 0.034830729166666664 0.01708984375
5 0.5763346354166666 0.720947265625 0.032877604166666664 0.01708984375
5 0.5779622395833334 0.580810546875 0.0361328125 0.01708984375
5 0.5782877604166666 0.6099853515625 0.0341796875 0.016845703125
5 0.5787760416666666 0.6390380859375 0.03515625 0.015869140625
5 0.57763671875 0.6519775390625 0.0322265625 0.015380859375
5 0.5787760416666666 0.51416015625 0.033854166666666664 0.0185546875
5 0.57861328125 0.52734375 0.033528645833333336 0.017578125
5 0.5777994791666666 0.5419921875 0.033203125 0.0166015625
5 0.578125 0.5548095703125 0.032552083333333336 0.016357421875
5 0.5779622395833334 0.5672607421875 0.032877604166666664 0.015869140625
5 0.5777994791666666 0.5958251953125 0.033203125 0.017333984375
5 0.5784505208333334 0.624755859375 0.032552083333333336 0.01611328125
6 0.6705729166666666 0.5291748046875 0.07682291666666667 0.015869140625
6 0.6707356770833334 0.514404296875 0.0751953125 0.015625
6 0.669921875 0.72607421875 0.06770833333333333 0.02001953125
6 0.6725260416666666 0.6820068359375 0.06705729166666667 0.016845703125
6 0.6697591145833334 0.7109375 0.06673177083333333 0.01708984375
6 0.6717122395833334 0.62646484375 0.07063802083333333 0.01708984375
6 0.6730143229166666 0.5977783203125 0.07063802083333333 0.016845703125
6 0.671875 0.6405029296875 0.068359375 0.015380859375
6 0.6726888020833334 0.611328125 0.0693359375 0.0166015625
6 0.6730143229166666 0.65478515625 0.06868489583333333 0.0166015625
6 0.6717122395833334 0.6685791015625 0.0712890625 0.015380859375
6 0.6741536458333334 0.5692138671875 0.06770833333333333 0.015869140625
6 0.67333984375 0.543212890625 0.06998697916666667 0.01513671875
6 0.6739908854166666 0.555908203125 0.06803385416666667 0.015625
6 0.6739908854166666 0.5828857421875 0.06673177083333333 0.016357421875
6 0.6741536458333334 0.6966552734375 0.061197916666666664 0.016845703125
4 0.3408866885267658 0.46887625422742635 0.18042306841155617 0.019856096417815605
5 0.5827787422839507 0.4709201388888889 0.03602430555555558 0.01728877314814814
6 0.6770833333333334 0.47216796875 0.06901041666666667 0.01611328125
4 0.3483314043209877 0.42711950231481477 0.19531249999999997 0.017361111111111105
5 0.5815007716049383 0.42856626157407407 0.037615740740740776 0.017361111111111105
6 0.67822265625 0.428955078125 0.0673828125 0.01708984375
4 0.34833728678432513 0.3838500579198202 0.19819425359184364 0.019987962864063402
5 0.5811511381172839 0.38623951099537035 0.03691647376543209 0.019513165509259245
6 0.6774088541666666 0.385009765625 0.068359375 0.01708984375
4 0.3284746334876543 0.34233694164841266 0.15945698302469133 0.01851358237089934
5 0.5835021219135803 0.3417787905092593 0.039400077160493874 0.019495081018518545
6 0.6829427083333334 0.342041015625 0.05859375 0.0166015625
4 0.33265817901234573 0.7643952546296297 0.1832561728395062 0.02278645833333326
4 0.332175925925926 0.7790436921296297 0.17939814814814817 0.0224247685185186
4 0.32211688933549104 0.7924890440923197 0.16024458114011778 0.020380287258713325
4 0.3010177803628239 0.8055340117878383 0.11322383233058593 0.01825841709419529
4 0.2903645833333333 0.747314453125 0.08723958333333333 0.01611328125
5 0.5748697916666666 0.76318359375 0.039713541666666664 0.01806640625
5 0.5748697916666666 0.7908935546875 0.037760416666666664 0.018310546875
5 0.5748114188512167 0.8058973550796509 0.0404813289642334 0.018088102340698242
5 0.5759488741556803 0.7764613628387451 0.038857460021972656 0.016413211822509766
5 0.5750325520833334 0.7489013671875 0.036783854166666664 0.017822265625
6 0.6676432291666666 0.79736328125 0.06901041666666667 0.01611328125
6 0.6661783854166666 0.81201171875 0.06868489583333333 0.0185546875
6 0.66845703125 0.7685546875 0.06868489583333333 0.017578125
6 0.6663411458333334 0.783203125 0.0703125 0.017578125
6 0.6686197916666666 0.7532958984375 0.07096354166666667 0.019287109375
4 0.3411458333333333 0.48267505787037035 0.1796875 0.01953125
5 0.5807412229938272 0.4869249131944444 0.033203125 0.019061053240740755
6 0.6767578125 0.4862060546875 0.07096354166666667 0.016357421875
4 0.3411458333333333 0.441162109375 0.1796875 0.01806640625
5 0.5815007716049383 0.44321469907407407 0.03665123456790124 0.01772280092592593
6 0.6785481770833334 0.4434814453125 0.0693359375 0.015869140625
4 0.34792699416478473 0.3984377384185791 0.19737517833709717 0.02054077386856079
5 0.5816333912037037 0.4011592158564815 0.03595196759259256 0.018970630787037035
6 0.6778971354166666 0.3997802734375 0.06803385416666667 0.015380859375
