0 0.34713836477987425 0.13201476342460294 0.4456603773584905 0.027390818413753293
1 0.3876808176100629 0.25418303892763167 0.1763050314465409 0.026968506259808598
2 0.34415880503144647 0.27920457361322526 0.09312893081761003 0.023286960010383863
3 0.3384625414482452 0.3039555525596016 0.08408120641168561 0.026884226868949805
7 0.805 0.4724828017510944 0.095 0.028142589118198873
8 0.7983333333333333 0.49687304565353346 0.11 0.029393370856785492
4 0.30076080322265625 0.35146629042443517 0.3468117268880208 0.026319588475707475
5 0.56375 0.3527204502814259 0.0625 0.0300187617260788
6 0.80125 0.3511569731081926 0.09583333333333334 0.029393370856785492
4 0.27625 0.37554721701063165 0.2991666666666667 0.028232824958958725
5 0.56375 0.3771106941838649 0.059166666666666666 0.027517198248905566
6 0.8008333333333333 0.37617260787992496 0.09333333333333334 0.029393370856785492
4 0.2578616352201258 0.39999646005168327 0.27358490566037735 0.028319586534036593
5 0.5645833333333333 0.40212632895559725 0.0575 0.027517198248905566
6 0.8004166666666667 0.39931207004377733 0.09416666666666666 0.028142589118198873
4 0.2996932768671768 0.4251074876872716 0.35658828903294204 0.03001677324192702
5 0.5654166666666667 0.4262038774233896 0.059166666666666666 0.02689180737961226
6 0.8025 0.424953095684803 0.09333333333333334 0.029393370856785492
