0 0.5152618736485642 0.13775064695341746 0.586378665635238 0.04250142835120657
1 0.5495613782822159 0.37507410793439716 0.22630687637900415 0.03383615913120569
2 0.5293414953048854 0.40771903431477907 0.18824438369190527 0.030353177161687766
3 0.4869517609407967 0.4416940351997647 0.1034649149637279 0.03669418115244869
7 0.7586299974683434 0.6905870890308224 0.16145152295229495 0.03576113249068702
8 0.7441055738584446 0.7263899199147392 0.19287764343965444 0.042957677184634606
4 0.34333174848448833 0.5790350311626907 0.37633424462141934 0.03248800057310692
5 0.605586592178771 0.5801346801346802 0.07374301675977654 0.03164983164983165
6 0.7842957224925803 0.5814826939643835 0.1346812669125349 0.041442377880366164
4 0.3386841792464045 0.49781861164839886 0.37374301675977656 0.03158535711727198
5 0.605586592178771 0.49797979797979797 0.07374301675977654 0.03164983164983165
6 0.788767655868104 0.4979790581597222 0.13889753458886173 0.04131336147937711
4 0.34217877094972066 0.539512142703632 0.37388565315583044 0.0327315710294434
5 0.605586592178771 0.5397306397306397 0.07374301675977654 0.03164983164983165
6 0.7854748603351955 0.539057239057239 0.13233199306040502 0.03997806844486532
