0 0.5069856084478074 0.09481079667995555 0.46937448731666953 0.017426260746766505
1 0.4483770158318347 0.22939023593229202 0.149680120286565 0.015262619000936723
2 0.41319024735399046 0.24162690891662855 0.08001415136059425 0.01431714702742735
3 0.40102892184321465 0.2550029409842494 0.05274330021521855 0.01544997059015756
7 0.8233512190807513 0.6417706903688212 0.08518824257790618 0.018334313661416503
8 0.8141683015435642 0.6595785547657902 0.11534687814757791 0.021931708192751462
4 0.3469220790707273 0.582088316667756 0.2995223915799404 0.018316885606605073
6 0.8004731861198738 0.5834498834498835 0.09779179810725552 0.019114219114219115
4 0.3470510628261446 0.48817942182428165 0.2918939237595447 0.018783086072805644
6 0.7912084672307557 0.4890508245648432 0.09345794392523368 0.020525891553928872
4 0.34773651935493377 0.549199398732109 0.29641941094961516 0.0187395159357776
6 0.7964194109496152 0.5509422042132323 0.09630295704472422 0.019610918676339267
4 0.33752100592588224 0.4584319107683594 0.2652569356407913 0.018151319085898496
5 0.5244479495268138 0.4599067599067599 0.056782334384858045 0.01818181818181818
6 0.7876033015385978 0.4594704722915628 0.09329777499998856 0.01955980700173798
4 0.3449246734868363 0.6137556557675798 0.30646540287154683 0.018594607467955427
6 0.8158517350157729 0.6130536130536131 0.08438485804416404 0.020512820512820513
4 0.3430599369085173 0.5177156177156177 0.28391167192429023 0.019114219114219115
5 0.5260252365930599 0.5181818181818182 0.05362776025236593 0.016317016317016316
6 0.7956381379168018 0.5195194213885802 0.09621451104100946 0.019114219114219115
5 0.5272708511453758 0.4884212360847874 0.04938235207405885 0.016556652070670835
5 0.5272708511453758 0.5498551292943816 0.04790825201214657 0.019170860292355627
5 0.5272708511453758 0.5816613293248807 0.05233055219788324 0.019170860292355523
5 0.5302190512692001 0.6132496786702394 0.05233055219788324 0.017863756181513177
