0 0.3499361057140547 0.10203862613533272 0.3827177859504356 0.026958865047881565
1 0.38009497424130717 0.18557858426169457 0.1452747220997028 0.018417525851678055
2 0.3479662469977257 0.2018996745577451 0.07633393083610235 0.01604904339097288
7 0.7613519621943703 0.5119063268045713 0.07992603246352994 0.018239903124165922
4 0.29041468581509533 0.4702003242472405 0.24953416039052584 0.017204223977565616
5 0.5281629269606002 0.46818074991136976 0.04893618528726181 0.01805666758284437
6 0.7215554437697937 0.466645156407468 0.09575395166604071 0.017941149524185112
4 0.2902127629425476 0.48669770785618344 0.25135500874999106 0.016076507424307027
5 0.5285171776141927 0.48476157471030856 0.0496446865944467 0.019152097449440835
6 0.7215058486782908 0.48203096680648333 0.0972701444634165 0.018239903124165992
3 0.34114337940953504 0.21789095891938828 0.0658906215681968 0.015933525332313552
8 0.7478231297336743 0.5289930410328111 0.10840069999929144 0.01912023039877629
