0 0.37718433904155974 0.10064738281564449 0.3559231225093051 0.015326159786400893
1 0.4145339743354406 0.16396628400071686 0.14047050640359202 0.015800880888739124
2 0.3804091641898967 0.1775645506066875 0.07006757737848895 0.01267868924355594
7 0.7786496082015083 0.4320092445471616 0.07609083842776407 0.014165342577880522
4 0.3337429885926766 0.39806683037218926 0.23902859183630598 0.016567961866242934
5 0.564620491166152 0.39600125186576146 0.052477889119976556 0.015884250565747087
6 0.7470641373080397 0.39517068708170827 0.08674187517068953 0.015619432808512737
4 0.33269259049179634 0.41125956955077275 0.24112938803806652 0.015219798738504571
5 0.5641635679922691 0.41091049159805476 0.05129093926598177 0.01688092830661079
6 0.7479622276842922 0.40860416967595936 0.08914728682170533 0.015715730174779678
3 0.37815382029789285 0.19040396745149019 0.06407428415369423 0.014926091771390048
8 0.775729501481061 0.443666040733786 0.08823344047393959 0.01396311810871973
