0 0.45556634051989825 0.10814880319307847 0.289068533331444 0.02270527359854686
1 0.40763622708883895 0.23412052067213088 0.11144725562018656 0.012951423691608597
2 0.3814712738145002 0.24248236357914776 0.058918968705497225 0.010567910676656977
7 0.6805093403734239 0.36001913749741654 0.06052743391560489 0.013700891383294805
8 0.671573308547715 0.37189389640728165 0.08030910624046524 0.013034470026751172
4 0.3147651692720432 0.3338228889624537 0.19526306566755558 0.01455903355866457
4 0.3321309093307719 0.3228099494204092 0.22927749779403162 0.012964999982748906
4 0.3273440338363356 0.3116302563954861 0.218800357711757 0.013314921963045229
5 0.4687761269359456 0.3134992698872322 0.03905503987843705 0.0117241597668262
5 0.46891188247611426 0.32403533915731036 0.03973833313482119 0.011587852902583065
5 0.46935065141712357 0.33510067115903713 0.040770403926245 0.012003469165497828
6 0.6641254380107731 0.31523895603853047 0.07992797792680843 0.012002500841957654
6 0.6703957636470254 0.3249634343815157 0.0692969353277466 0.011342111044627342
3 0.3726716875792636 0.25115219305059294 0.039676073202355076 0.009958453332695976
6 0.6778323077143416 0.3361368559212169 0.05824306453999918 0.011004732034774943
