0 0.3649753686678408 0.1416999862734135 0.36657584994751974 0.06044786573610547
1 0.3954715641270763 0.20452955845787035 0.15114091937592675 0.03160903372580691
7 0.8983420593368238 0.6661554192229039 0.11780104712041885 0.026584867075664622
8 0.882245285641477 0.6906364804459162 0.1521259015583251 0.025788587871219872
4 0.27020021592455556 0.4905239464002351 0.33218447293706327 0.0260643282755924
5 0.5597415333683514 0.4896550721751298 0.05889806656265326 0.020563174867214904
6 0.8019199003412757 0.4838862922483856 0.1166346467992628 0.022147244665144936
4 0.26648175900694115 0.5299977572946251 0.33807696137576093 0.023125176001986915
5 0.5613098271787982 0.5103946106375663 0.061939180527884594 0.021612646361546927
6 0.814499534587256 0.5025584778365537 0.10691963227261476 0.02099738278174877
4 0.28596614288616173 0.5095484837635372 0.3701517618577559 0.026924351038898946
5 0.5609237208296654 0.5298649944803373 0.05962254243308773 0.022485838898239133
6 0.8101488654332801 0.5240775496886725 0.1248875229597537 0.021392650229039786
2 0.3590711825665262 0.2135476048283475 0.07876569522309225 0.020811842843440644
3 0.35096294923473725 0.22689433013011923 0.06254922855951442 0.019454548744955398
