0 0.462163622314704 0.1445565401779628 0.4929973662435899 0.027878828259019793
1 0.3789387242155875 0.2513688138453105 0.1957531503607141 0.02526491078312166
2 0.32963004737198287 0.27307631286688877 0.09636062861869304 0.023100111058226243
4 0.2680105814632714 0.4337807845524639 0.3724932617169142 0.030106208144001313
5 0.5698924731182796 0.3633507853403141 0.06286186931348221 0.028272251308900525
6 0.8382133730378674 0.40084490841879605 0.1293982532976516 0.030929570755617346
4 0.2788340616851271 0.41042944696164024 0.3909495671829203 0.026039408472404053
5 0.5698924731182796 0.43350785340314135 0.06286186931348221 0.028272251308900525
6 0.8371849581152914 0.4269366102598403 0.13145508314280357 0.031102188015937306
4 0.2521680828132441 0.3621630564996331 0.33901045191367785 0.025792877957421072
5 0.5698924731182796 0.4099476439790576 0.05955334987593052 0.027225130890052355
6 0.8362900917310806 0.35576188288547494 0.13073836179186787 0.030662494739917997
4 0.2642230685887804 0.33818357002540334 0.34748438391425057 0.02932856040929169
5 0.5698924731182796 0.33952879581151835 0.06286186931348221 0.02774869109947644
6 0.8358648519938842 0.32904965889259086 0.1265759330275459 0.03014437569411388
3 0.3220417575256285 0.29454228145327627 0.09148557535654302 0.023004918292876438
7 0.8978995914479785 0.4750118990956687 0.11529688949043795 0.026971283515786128
8 0.8797277990826378 0.499603363477709 0.15665338245983396 0.03014437569411388
