0 0.3344505382896608 0.12312949216448686 0.36664635384927885 0.032991634264168714
1 0.3621767170151702 0.20065214624382705 0.15184268896651376 0.020007793723689733
2 0.3225142450581491 0.21810444919705388 0.07635102468186382 0.017585298772305684
3 0.31842712599705864 0.23393111522787374 0.06805541086801345 0.018414077665735527
7 0.7712008169046559 0.7014702931988192 0.09470164863217877 0.01958480219349785
8 0.7645222919445954 0.7215375502756202 0.11263731739051668 0.02246042436922618
4 0.2799874829125286 0.6477315066922702 0.3096332163973845 0.020062480295778205
5 0.5139993741456264 0.6476144755572115 0.057924469259021436 0.020783774230221777
6 0.7284080241118632 0.646697333600833 0.10946687089283058 0.019264757864969794
4 0.20138923201080422 0.59605151280655 0.14749575901312648 0.01892560641235092
5 0.5148969810761401 0.5944441259923763 0.05392229523856572 0.022503415398431155
6 0.7244058500914077 0.5933191940615058 0.10877513711151737 0.02332979851537646
4 0.24919297725513448 0.6669246128418981 0.25298516066340565 0.01927908820803848
5 0.515918111896174 0.6654055964766462 0.0568209891793073 0.019107124091217495
6 0.7370464614523116 0.6657949041300049 0.09383698140553715 0.020239221193621926
4 0.17300755966203862 0.5609326187268923 0.08908542912199222 0.02129488979966188
5 0.5152181431888927 0.5602543158216541 0.054926956206663546 0.02018667660237112
6 0.7284491987417033 0.5574694524853591 0.08962069930991302 0.02193497845671751
4 0.192285521353163 0.6305350950101746 0.1342292932786534 0.016241055477534877
5 0.5136617421809377 0.6279699636009285 0.05639277302897039 0.019460605886904937
6 0.7275845315150616 0.6288727752142386 0.10781988569922754 0.021476407478528334
4 0.23525948251725218 0.5284672265054026 0.2004133932835944 0.01941761485769972
5 0.5137111517367459 0.5259809119830329 0.054844606946983544 0.022269353128313893
6 0.7280621572212066 0.5241251325556734 0.09049360146252285 0.02386002120890774
