0 0.5660646580920935 0.13416783936282797 0.5154122845988865 0.057234117210414215
1 0.5883275867604829 0.290443327450908 0.18585249048884397 0.02391645299152666
2 0.5730644684492774 0.31602102552815076 0.15506664863179456 0.02485358729792754
3 0.5327830989984995 0.33999983261946376 0.08234919133469926 0.023690958105589393
7 0.7508870445826826 0.45368203337108753 0.13357232407804348 0.02676978457338195
8 0.7293663562842485 0.4826841332477541 0.18427771048484443 0.03233613046723238
4 0.41190323282939967 0.3736562484695405 0.2857888746232361 0.02789499025851739
5 0.6251916002452482 0.37674377538407194 0.05847639484978541 0.025251633409853383
6 0.7614690943191125 0.3715502553539353 0.11853943245312974 0.029458203754428355
4 0.415353477987901 0.40147666116074876 0.3018804137360311 0.026112543827186873
5 0.6259580012262416 0.40279004061451523 0.06000919681177182 0.023485784919653894
6 0.7665159411404047 0.40283418682677025 0.1115113427345186 0.02957796221084226
