0 0.47460045662100464 0.02703419201324228 0.390886605783866 0.02453186426650114
2 0.3934444270721854 0.13736252061530915 0.06803884752990626 0.01207922113230327
7 0.7916508040290262 0.6946377918978248 0.1111428363863917 0.018726692223386094
8 0.7873382800608827 0.7108744568590938 0.12452435312024357 0.021169563418166816
4 0.328933599695586 0.3561570277846478 0.26602929984779294 0.018055280246967488
6 0.7557077625570776 0.520794537554314 0.1050228310502283 0.02110490378646803
4 0.3280232282896927 0.2649409970757682 0.25358063626688543 0.020733565542235613
4 0.301583904109589 0.5271505793503 0.2398687214611872 0.018764225118973698
6 0.7374429223744292 0.3957169459962756 0.10273972602739725 0.020484171322160148
4 0.3256516362252664 0.42732055967154525 0.2773496955859969 0.016686213576421242
6 0.7785388127853882 0.6312849162011173 0.10273972602739725 0.02110490378646803
4 0.328933599695586 0.33279919678593134 0.26602929984779294 0.023388777957208257
6 0.7539954337899544 0.4931719428926133 0.09703196347031963 0.018001241464928614
4 0.32345576700010253 0.307012626258034 0.25320262125093645 0.020647828386063275
6 0.7454337899543378 0.4441340782122905 0.0958904109589041 0.018001241464928614
4 0.31601978691019783 0.40423621870877946 0.24191400304413999 0.017593153312836205
4 0.322869101978691 0.5002909683426443 0.2805365296803654 0.01816935650734529
6 0.7722602739726028 0.6021104903786468 0.10388127853881278 0.02110490378646803
4 0.31518860966466156 0.37977490542518555 0.23881988873764812 0.018667652422958026
4 0.3241057838660578 0.4745822987792261 0.2804414003044141 0.015272605007241855
6 0.769406392694064 0.5468653010552452 0.08904109589041095 0.02110490378646803
4 0.32581811263318106 0.4502874524751707 0.2841514459665145 0.016014170158286777
6 0.7853881278538812 0.6632526381129733 0.1050228310502283 0.021725636250775917
4 0.32703101217656017 0.2838642129043652 0.25794330289193307 0.020389720270309556
6 0.7391552511415526 0.420235878336437 0.09931506849315068 0.01738050900062073
1 0.4209237062404871 0.12788381957376369 0.12723554033485546 0.012931926339747575
3 0.3804937214611872 0.14663511276639768 0.04637557077625571 0.010345541071798067
4 0.24612347792998474 0.5539907924684461 0.1319920091324201 0.01681150424167179
4 0.32044330289193307 0.5805012414649287 0.29252283105022836 0.020691082143596135
4 0.2966609589041096 0.6073349886199048 0.25209284627092843 0.017458100558659217
4 0.3186596270928463 0.6351386302503621 0.30322488584474894 0.017458100558659217
4 0.3127140410958904 0.6645587626732878 0.3127378234398782 0.019397889509621354
5 0.4833523592085236 0.25881957376370784 0.047564687975646835 0.014871715290709693
5 0.48275780060882806 0.2775708669563418 0.04637557077625571 0.014871715290709693
5 0.4821632420091324 0.3027881233188496 0.054699391171993995 0.017458100558659217
5 0.4845414764079148 0.32735878336436997 0.049942922374429224 0.017458100558659217
5 0.4869197108066971 0.35322263604386506 0.05232115677321161 0.017458100558659217
5 0.4869197108066971 0.37746999793089175 0.05469939117199387 0.015518311607697082
5 0.489892503805175 0.4007474653424374 0.05588850837138513 0.01681150424167179
5 0.4887033866057839 0.42564142354645146 0.05113203957382035 0.016164907924684436
5 0.4922707382039574 0.4482722946410097 0.04875380517503809 0.017458100558659217
5 0.4916761796042618 0.47219635836954266 0.05469939117199387 0.017458100558659217
5 0.4934598554033486 0.4961204220980757 0.05351027397260274 0.016164907924684436
5 0.4934598554033486 0.5242473618870267 0.05351027397260274 0.016811504241671864
5 0.49524353120243536 0.5504345127250155 0.05707762557077625 0.016164907924684436
5 0.4946489726027397 0.5772682598799918 0.055888508371384996 0.01681150424167179
5 0.4964326484018265 0.6044253051934616 0.05945585996955852 0.01681150424167179
5 0.4982163242009132 0.6319056486654252 0.055888508371384996 0.018751293192634067
5 0.4982163242009132 0.6619723774053383 0.055888508371384996 0.019397889509621354
6 0.7235540334855404 0.25009052348437827 0.09275114155251142 0.014225118973722337
6 0.7318778538812786 0.26819522036002486 0.0761035007610351 0.018104696875646573
6 0.7366343226788433 0.2937357748810263 0.08085996955859974 0.018751293192633963
6 0.7378234398782344 0.3202462238775088 0.07848173515981735 0.01875129319263393
6 0.7407962328767124 0.34707997103248495 0.08204908675799087 0.020691082143596135
6 0.7366343226788433 0.3719739292364991 0.0951293759512938 0.018751293192633998
6 0.7491200532724506 0.4686400786261121 0.09869672754946732 0.019397889509621354
6 0.7681459284627092 0.5740352782950547 0.10583143074581434 0.020691082143596135
