0 0.47206166344793726 0.18612355248019358 0.46649041622167914 0.05063002044822347
1 0.4021486995579662 0.3320551220416068 0.17548298474570304 0.03117394617094853
2 0.36320644173017086 0.361408713198444 0.09627663655707809 0.028215186430317292
3 0.35635886920771487 0.387896838095252 0.08197539002579333 0.029720349605811453
7 0.8274022459327465 0.5136203532422775 0.10265343577938836 0.031675240098319984
8 0.8285687622484212 0.5418113169297823 0.10032040314803867 0.029774725692420727
4 0.32492991081458744 0.4647289837070979 0.3485848232832585 0.0331652492697866
5 0.5827993280866021 0.46543597800471326 0.06294522039381599 0.029065200314218383
6 0.8260226856513755 0.46359369855866767 0.10541255634213036 0.031634790754848575
4 0.32583479730434783 0.4365853913619442 0.3436643401286047 0.03497102099098361
5 0.5833437023672504 0.43692826191622536 0.06350514822533976 0.03175126067455588
6 0.8260228327949537 0.4340072742807543 0.10385690696740751 0.032525197529766695
