0 0.4092825315510019 0.05262936297419057 0.3486396826667379 0.016841396151740982
1 0.4367712585714667 0.12281154378640678 0.14424522176863483 0.017523727298139263
2 0.40330362780935103 0.13653372489579385 0.08132998923841793 0.014288872047492737
3 0.3956104307300977 0.15014894109721696 0.07181354892072893 0.016530882910193268
7 0.8084199984361186 0.4512229847091318 0.08029028047614181 0.01853697428742274
8 0.7954208884913895 0.46760203342822443 0.1111004436087292 0.018524683962196305
4 0.33593543131266157 0.3985730247809304 0.24813058095764984 0.021328280572824133
5 0.5728453020396624 0.3981463025712577 0.043779661118897126 0.017910532760044496
6 0.7690429377281796 0.39352632454857167 0.09648913973133652 0.017896238969145526
4 0.335611161505659 0.4154074564999602 0.2475761347608725 0.01826962813166086
5 0.5722365603736167 0.4134776466972003 0.044997144450988735 0.01643432476101407
6 0.7703246860095855 0.4087537518317705 0.09633161479008939 0.015915999283581592
4 0.3406071792222928 0.4318045675985557 0.264049787164817 0.018221213047428603
5 0.5723419501561849 0.4289595777287625 0.044786364885851825 0.018216269810848285
6 0.770626753391255 0.4248068618086382 0.0981334516483153 0.01655558644280519
