7 0.7680044039549243 0.6020684401734443 0.09436121065584394 0.020285948669869915
8 0.75396140063037 0.6204441579749209 0.12365614610768091 0.01998124926754948
4 0.2441087090893425 0.4154472713186581 0.18148596250435975 0.022029399704181513
5 0.5463602607832132 0.4057658502285245 0.05623677734122002 0.0191257470994961
6 0.7483239721322346 0.40717194129249135 0.09486364849922838 0.021001248084184174
4 0.20664861137285057 0.33223677925441575 0.10529005759625297 0.019693791778289105
5 0.5475044255429385 0.34334348998007735 0.05394844782176922 0.01974686511191839
6 0.7528604118993135 0.34440993788819874 0.10755148741418764 0.021739130434782608
4 0.29431047954685324 0.45015868782983154 0.2861685577665327 0.02643757570562454
5 0.5475044255429385 0.42292277042071963 0.05610724925521345 0.019969530059767922
6 0.7529275377901985 0.4570117932110309 0.09860932578396542 0.01976288961215831
4 0.22938344631060836 0.39942964817370336 0.15264884935883594 0.02125086420573993
4 0.1997646906437546 0.3662955584202508 0.09315228185311512 0.02071955935778742
5 0.5491235266180217 0.37557131137935074 0.05286904710504716 0.02326262744638465
6 0.7500215880143346 0.37857142857142856 0.10442122533569359 0.023121996953005954
4 0.30570252413865195 0.432765758357489 0.30440169581837423 0.027237732083803284
5 0.5474072794784335 0.4552209070666823 0.0563015413842235 0.019828899566389297
5 0.5463602607832132 0.4383218094456814 0.05623677734122002 0.01964139224188458
6 0.7491040974051207 0.43969295675612324 0.09762100082034454 0.01924293917731168
6 0.7558442591735569 0.4240734333256045 0.08198187585002817 0.018840125028153545
1 0.40555243728681833 0.018633540372670846 0.16083070679158928 0.02461033634126333
2 0.3656146107681015 0.025958045236142074 0.08743145805448811 0.015820930505097853
3 0.35643970467596386 0.03738427282315719 0.0669228444367687 0.016406890894175553
