0 0.3964261858150664 0.11748203919780845 0.3960174017261394 0.05547055686660447
2 0.39679236974047294 0.21979796388518308 0.09117664880538813 0.021015251590813116
3 0.3883791004327097 0.23723560430103402 0.07636905871520241 0.021971256590397156
7 0.8006424530906515 0.6360003148739461 0.08183056099113085 0.019533646079577114
8 0.7858744573609927 0.6541152658296538 0.11136655245044866 0.02125221143600076
4 0.327023424871192 0.5569824744538359 0.2624674431106215 0.01805712552277956
5 0.592043247663286 0.5381575054349923 0.0515610271320031 0.017758596292627677
6 0.7903175432419847 0.5388006997954642 0.09793755891471977 0.01840179065309946
4 0.29201304507174414 0.5719267447193492 0.18371078961937637 0.02161469173628902
5 0.591771667697434 0.5557691108723929 0.05323989250714335 0.018554269604249992
6 0.7919188879172298 0.587874821513565 0.10041339678141062 0.01866228436909063
4 0.3280198689893945 0.5412414205446389 0.2638816712045252 0.01673632095710947
5 0.5923271740241451 0.5724992603264853 0.05326458529715728 0.019183271801072835
6 0.7903175432419847 0.5543290196431557 0.10020896980159218 0.018218480260364982
4 0.3221062227063077 0.5904312173373676 0.2405020950241769 0.01998143632620375
5 0.592043247663286 0.5883491773544129 0.05496814346231159 0.018356767047866426
6 0.7908853959637028 0.5716405958552555 0.1013446752450285 0.02025740638306082
4 0.33638312842226004 0.5249765469406951 0.28009061019844367 0.020965516304235838
5 0.591759321302427 0.5222786446608435 0.052128879853721076 0.01799979417780457
6 0.7942520942050696 0.5210104046674906 0.08893275154511379 0.02117946852498244
4 0.3373700165110203 0.6079290289507352 0.27130260136030593 0.019718308564948484
5 0.5919921409183313 0.6057926084104095 0.05620606239565708 0.018202400401353187
6 0.7914021419404662 0.6054710112301736 0.10031118329150146 0.018845594761825044
1 0.43560195227765725 0.20439189189189186 0.16494938539407078 0.024953931203931204
