0 0.5023457676409979 0.17064877085673333 0.31257618744578763 0.05512174520234424
1 0.42081348634331345 0.3335135022242468 0.14281297788072503 0.03052978232027743
2 0.4081715130696148 0.3560682837629446 0.11754080713793025 0.02541504344210326
3 0.38125983035613975 0.37622484149110114 0.06744326480170763 0.026273070543811956
7 0.76134866605319 0.6927384655108256 0.07600149366321679 0.03320654205744451
8 0.7503314817770188 0.7206440138610588 0.09935819375052164 0.03609974184690424
4 0.2925658521104411 0.602455611798456 0.26512747275997034 0.0276907058914746
5 0.6313802496561938 0.5949071253724401 0.05031471490532109 0.02838851167993975
6 0.7467900401988786 0.5963941162788122 0.09586242462710251 0.029845042809831388
4 0.3067809161112874 0.48809299646666593 0.2909129376917381 0.024921635302327085
5 0.6240346979794773 0.4842412192771618 0.0491378398392046 0.029302304974358376
6 0.7440417029549177 0.48273463665553734 0.09210277837028721 0.028992585510630477
4 0.2807971014492754 0.419195751138088 0.23007246376811594 0.02503793626707132
5 0.6244512324129906 0.4194532747028787 0.04962710250714055 0.027070434079505604
6 0.7476672411948603 0.414008955058006 0.07030605500581513 0.030205675719638208
4 0.22115994922246904 0.6536834176976839 0.13157198772876333 0.02713689177364513
5 0.6338166455093621 0.6383344594220396 0.0507312493388342 0.027928845962141253
6 0.7529110984677148 0.6431590352442328 0.08758730269431762 0.03378648961698044
4 0.307694041261115 0.5778956670746215 0.28776435585712035 0.028074952970148326
5 0.6290298053527981 0.5262535582557071 0.04840394583730035 0.029457372927350775
6 0.7459701635743479 0.5272015131670064 0.09485751480623915 0.02977671957607005
4 0.3066123188405797 0.44157814871016693 0.28532608695652173 0.028906583424222306
5 0.6231884057971014 0.4404400606980273 0.04710144927536232 0.028072837632776935
6 0.740580024384297 0.436359609893714 0.08844748323182884 0.026486610767604554
4 0.30200729927007297 0.5328184763520073 0.2766582037448429 0.026296190855680947
5 0.6313802496561939 0.5693015296345935 0.04634772030043362 0.0297564325509786
6 0.7469983074156352 0.5712398790469967 0.09544589019358929 0.02920261843314913
4 0.30616219838460285 0.4643459522669883 0.29018559663192084 0.031973762107003985
5 0.6218264043160902 0.4612330117519356 0.046942769491166755 0.0276907058914746
6 0.7432955081382404 0.4598827254527517 0.09095050493371692 0.02706839378286539
