0 0.44367936097577143 0.13303182337972738 0.23941864704517588 0.028578198563878537
1 0.2162962778827351 0.2805734338257046 0.3345679626131053 0.0291670392376468
2 0.1947565543071161 0.3061699650756694 0.2940074906367041 0.02677532013969732
3 0.7205056179775281 0.2808498342600635 0.2541669638415847 0.03930690707649702
7 0.7654494382022472 0.4449941792782305 0.2050561797752809 0.030849825378346914
8 0.7682584269662921 0.47467986030267756 0.20692883895131087 0.0320139697322468
4 0.1731894729816878 0.38494646966816926 0.29803029087314714 0.032354575488312276
5 0.5856741573033708 0.390279394644936 0.05898876404494382 0.0320139697322468
6 0.8083956636942524 0.3902875496756023 0.12138785445694207 0.034570231111179066
4 0.22706142346957203 0.35651549582431424 0.38133185811703574 0.03450919918464421
5 0.5847378277153558 0.36350407450523864 0.05711610486891386 0.03317811408614668
6 0.8066479400749064 0.35942956926658903 0.10955056179775281 0.03317811408614668
