0 0.3980319655647936 0.15432895400133745 0.38435732208860096 0.02709516298015539
1 0.4259199673609092 0.23182577896555404 0.1562688856475384 0.020295971968281847
2 0.3884184143540295 0.2468014221202006 0.08328601992053672 0.0181311467058436
3 0.38068666338072366 0.2636942391170712 0.07036865057439988 0.020236358230956687
7 0.8341594194084616 0.828366503421208 0.0999918911796307 0.02434788649230656
8 0.817576881753127 0.8498952218864692 0.13240690060613428 0.024498396489643824
4 0.3269476372924649 0.6571845368344275 0.32950191570881227 0.02188183807439825
5 0.5734355044699873 0.6582786287381474 0.06385696040868455 0.024070021881838075
6 0.7905491698595147 0.661560904449307 0.1123882503192848 0.0262582056892779
4 0.3065134099616858 0.6010211524434719 0.280970625798212 0.02188183807439825
5 0.5740740740740741 0.6032093362509118 0.06257982120051085 0.0262582056892779
6 0.7950129600320283 0.6043300726046795 0.10188014784382982 0.028807391744734682
4 0.30970625798212004 0.5455871626549964 0.2796934865900383 0.02188183807439825
5 0.5734355044699873 0.5466812545587163 0.06130268199233716 0.024070021881838075
6 0.7943805874840357 0.549598832968636 0.08939974457215837 0.02261123267687819
4 0.3288278700156095 0.6191460294304932 0.3281538243224067 0.020203072719484065
5 0.5734355044699873 0.6210795040116703 0.06130268199233716 0.024070021881838075
6 0.7950191570881227 0.6229029905178701 0.10185278725654534 0.029590075247310357
4 0.3090676883780332 0.5645514223194749 0.280970625798212 0.02188183807439825
5 0.5734355044699873 0.5656455142231948 0.06130268199233716 0.024070021881838075
6 0.7936120356027498 0.5678637704216243 0.0990773635805795 0.028823952706167943
4 0.32567049808429116 0.6382202771699489 0.33205619412515963 0.024799416484318017
5 0.5753512132822478 0.6400437636761488 0.06768837803320563 0.02698760029175784
6 0.7905491698595147 0.6425966447848286 0.1123882503192848 0.0262582056892779
4 0.3065134099616858 0.5820568927789934 0.280970625798212 0.02188183807439825
5 0.5740740740740741 0.5842450765864332 0.06257982120051085 0.0262582056892779
6 0.7950191570881227 0.5860685630926331 0.10181615057271712 0.030320716373769145
