0 0.465748894928917 0.13786014719408685 0.2708251775456879 0.017032021911335456
1 0.4904446709914301 0.19130855914735206 0.11076123299480373 0.01237624556276806
2 0.4635227829495346 0.202783369636314 0.057391128916044656 0.012287976833829725
3 0.460176672334784 0.21451040198504057 0.049096463671210844 0.012965339510305656
7 0.7730769230769231 0.5098208559036267 0.08387180447877338 0.014834477459341695
8 0.7688805948641093 0.5236503864203568 0.09341729832550368 0.015752106737113514
4 0.39422860766060464 0.39348857677192345 0.15101882007089948 0.01634536298300562
5 0.59851069504388 0.39181124582562027 0.04334521221215088 0.017159874625724693
6 0.7470588235294118 0.3910767696909272 0.07692307692307693 0.016450648055832504
4 0.35247860045537077 0.47737996202475375 0.0638988961581693 0.013672358720018244
5 0.5999322708015102 0.4761337008084028 0.04280773553909566 0.01552984359024839
6 0.7491641928697006 0.4742063618063008 0.0775139061013921 0.014304221094677752
4 0.4178214254834712 0.4900884001783029 0.19606017811338164 0.01683217272415191
5 0.601085108222613 0.48964571254389694 0.04396057296019831 0.015812435305548347
6 0.7555422659019512 0.4878549066177264 0.06706343487909619 0.015583821783058468
4 0.42127993774677924 0.42952780940958724 0.20297720263999777 0.014756067142050112
5 0.6007968988673373 0.4519451200538512 0.04568982909185246 0.015009112789021443
6 0.7480113554485979 0.4506528186142211 0.07405539383808403 0.01568860298086633
4 0.4160921693518172 0.41752766294397187 0.19029599100786818 0.013989895136879819
5 0.5987390840706689 0.415355843298131 0.04288843415857284 0.014523309053730523
6 0.7476424474738451 0.41544792374468953 0.073640372366487 0.015609223285557331
4 0.43169582384644206 0.45318026811285883 0.22134190275816354 0.013808891795949725
5 0.5987794333804075 0.4275977799086816 0.04396057296019831 0.014805900769030482
6 0.747394587428308 0.427893072375231 0.07298325503645844 0.014215315835931646
