0 0.5477524648450974 0.17614056955647567 0.2874961062894415 0.027825933301813332
1 0.2690655209452202 0.3644067796610169 0.16219119226638024 0.02986279257465698
2 0.7309344790547798 0.367635189669088 0.17722878625134264 0.033091202582728005
3 0.28356605800214824 0.3934624697336562 0.19119226638023631 0.02986279257465698
7 0.7763016563966307 0.5828342041544539 0.09610492396404562 0.03185930929017462
8 0.7686070050734435 0.6136027663815756 0.1089817754247431 0.03392572306942545
4 0.3410002395505722 0.47265500942211197 0.3126289516185119 0.03136804893346977
5 0.6203007518796992 0.4725585149313963 0.04403866809881848 0.033091202582728005
6 0.7673741390830592 0.4753855658308742 0.10680936000016783 0.03919368371355428
4 0.31092505158064737 0.5303090171533325 0.2524785756786622 0.034030103682641116
5 0.6278763557276493 0.5267438280808843 0.059457204392903404 0.034649098357134506
6 0.7738977221233888 0.5315047565056875 0.09160990156753492 0.038312984340319815
