0 0.5019654088050315 0.1460051683245425 0.3011006289308176 0.030679552078539684
2 0.43906078011213895 0.2882704210042626 0.049024148358556376 0.015146327742030063
4 0.3918537924151697 0.4792965663419877 0.17138223552894213 0.017316211853965677
5 0.5146357285429143 0.4794201465736444 0.03559880239520955 0.015571109188751977
5 0.5159505988023952 0.552193923597458 0.03296906187624747 0.016821890927338594
4 0.40017215568862274 0.4557807461999078 0.18867764471057882 0.015664730576370727
5 0.5142190618762476 0.45634247452562043 0.03443612774451092 0.016039216126845803
4 0.4001921157684631 0.554204911003509 0.1936277445109781 0.01654477161998703
4 0.39143962075848304 0.5031438061962379 0.1712125748502994 0.016806911505319547
4 0.38873752495009983 0.528732403860197 0.16563872255489026 0.016559751042006146
5 0.5154890219560877 0.50326364157239 0.033892215568862315 0.017316211853965677
5 0.5153118762475051 0.5270434740275547 0.03524451097804397 0.016192755202540453
1 0.46232534930139724 0.2765575790258133 0.093313373253493 0.014604936468526375
3 0.4323852295409182 0.3008991398066906 0.03443113772455092 0.013106994266626216
4 0.38597804391217566 0.5808270887867792 0.16616766467065863 0.016477364220901538
5 0.5184630738522954 0.5787674182591664 0.0329341317365269 0.016102878670426535
4 0.35029940119760483 0.6061048634438441 0.09481037924151697 0.016102878670426462
5 0.5187125748502994 0.6029217362648062 0.0354291417165669 0.016477364220901538
6 0.6836327345309382 0.45331475885002975 0.060878243512973995 0.016102878670426462
6 0.689121756487026 0.47765631963090704 0.0548902195608782 0.016851849771376614
6 0.6918662674650699 0.5023723659622593 0.05439121756487026 0.016102878670426535
6 0.688373253493014 0.526526683967899 0.0633732534930139 0.01572839311995153
6 0.6903692614770459 0.552178944175439 0.062375249500998015 0.016851849771376614
6 0.6918662674650699 0.578580175483929 0.06437125748502998 0.01647736422090147
6 0.7003493013972056 0.6031089790400437 0.05738522954091811 0.018349791973276703
7 0.7025948103792417 0.6306336669999588 0.05389221556886232 0.016477364220901538
8 0.6948602794411178 0.6454258462437228 0.0743512974051896 0.017600820872326693
