0 0.45668743115827504 0.1342006298959465 0.45506029309609736 0.028748543642826644
1 0.38873417490761214 0.2238615775192201 0.1801057838039255 0.022714461348896882
2 0.34350207057242826 0.24187777783839617 0.08970182527172087 0.02159826182786313
3 0.33636857987131635 0.2595828699814023 0.07940646297976812 0.023690663927118907
7 0.7998642289412792 0.38332874148917595 0.09918186723355439 0.024491906634724784
8 0.7815322358082685 0.40589290708087633 0.14031173417124423 0.02462531764044065
4 0.21340026937241463 0.31336949839987616 0.18690078315584946 0.023452395710075888
5 0.5556002143622722 0.31498939582040136 0.058503036798856774 0.02150579350300016
6 0.7872470257409176 0.309545127447165 0.11548451229094092 0.024635174445624426
4 0.2786899197310284 0.33241374581935074 0.3198084420670608 0.022866487256394792
5 0.5573419078242229 0.35273122284295466 0.06216505894962487 0.0223463687150838
6 0.7879293700037959 0.34859757805225794 0.11635276410101822 0.02412183127392397
4 0.294949088960343 0.3520554728619484 0.3542783136834584 0.022378812190442035
5 0.5549749910682388 0.33390880405545204 0.05975348338692378 0.021169563418166747
6 0.7873208501501652 0.32944566034861245 0.1153368634724456 0.021043502394022816
