0 0.3576528560405324 0.14008992189592645 0.3697188711136416 0.023809112383982554
1 0.3888502502074757 0.20742827958274287 0.15021343991997135 0.01707914038092874
2 0.35427238014787804 0.22163136710832715 0.0844388632301764 0.016571127418081883
3 0.34655986114780607 0.2362724782992818 0.07029013316259644 0.01807308389225175
7 0.7984732542235037 0.5215765828599465 0.09604081179993351 0.01958402878320722
8 0.793949391889394 0.5391331848638041 0.10893312631695691 0.02033920317077045
4 0.28054415733244614 0.47957314754526803 0.24853055339913496 0.02017058474053591
5 0.5449336438578981 0.4756480310150602 0.061698273631289095 0.020324773086931668
6 0.7551523049055489 0.4746210900485332 0.10889615910687213 0.019492638252228328
4 0.2792719334076392 0.4965116057648392 0.25107500124874893 0.020925869514482536
5 0.5455389819230343 0.4941690436221435 0.061504195778344636 0.0196032688949922
6 0.755535839710177 0.4925444566832934 0.11182581050608104 0.020202117374302005
