1 0.44885532701453346 0.18093709400318614 0.12607127108548602 0.010437456829066393
2 0.4203900439922259 0.1898076097009848 0.06786526804426986 0.009564536269932799
3 0.580323833453437 0.1976562375353 0.05484379085384133 0.010902457573485248
7 0.777373625209055 0.7678966478537885 0.11993863998349887 0.015916347388827554
8 0.7592742895726882 0.7828007854062948 0.14038588969043622 0.01632074321528499
4 0.3889938987431074 0.44291691773377234 0.2037848389078323 0.011984339273108132
4 0.3859918452427062 0.5963474221415694 0.21813623655838255 0.012852587254884671
5 0.5913044277246021 0.4622177414058087 0.03528580954431153 0.012074121752685216
4 0.3561142963833114 0.4955656331704912 0.14196027788366533 0.01049066739329303
4 0.38447075061794467 0.6302495345818871 0.2211784258079055 0.010236262090593593
4 0.36933374647014494 0.6494506010794177 0.20074927994478997 0.011181780275668459
4 0.3717471974358775 0.47480819334778074 0.17137455948593075 0.010484043441264936
4 0.38544256107265334 0.5846136001926273 0.21500954205192854 0.011654539368205964
5 0.5937170204610966 0.5051383433823303 0.036761192697641006 0.011616553040752098
4 0.3828524307041224 0.4532057119922258 0.19272928125218797 0.010869955567505469
4 0.3821186876333599 0.550952271886397 0.2019393956465709 0.012027461136853533
5 0.5925776676345039 0.48392160468690476 0.03693970880872005 0.012015010005210535
4 0.38255008249306643 0.5283060136652479 0.19955757600326346 0.011833576255924213
5 0.5916168309189904 0.472888506486967 0.03676119269764092 0.012187966599673312
4 0.3869810606717875 0.38957209544312776 0.20003101713926708 0.012275130885934162
4 0.3880964718252416 0.4005210299967584 0.20246789357908193 0.011138013577397342
4 0.37852017210903993 0.6396841616894823 0.21617853143947668 0.010747194277559644
5 0.5876395969736269 0.4007054001865304 0.03211452333573105 0.011620931688713153
5 0.5896899070141081 0.43147744339502847 0.03326437711003418 0.01181578152298128
4 0.3878101735175034 0.30907608194875313 0.20304049019455822 0.010425010953438075
4 0.37974063153964044 0.3164164873677529 0.18650568292322417 0.008070896495931306
4 0.38946500392864647 0.34664312657539814 0.2075103272834771 0.01184619395794458
4 0.38775174383304983 0.3366743671455325 0.20315734956346532 0.012969281500081926
4 0.3861867978067734 0.324762009596456 0.20317544245153638 0.012140603837249409
4 0.3764351376250329 0.5393250209767535 0.18654649763501424 0.011790827923223595
5 0.5870987981665347 0.31074474451740874 0.03004583663675652 0.008952623049812987
5 0.5868625268430476 0.39050096111322746 0.03261856882583654 0.012325894010447497
5 0.5886503131907656 0.3592669705448352 0.03429346998566626 0.011741344507642833
5 0.5870751710341858 0.36989723313235334 0.03324337521461316 0.012374059138019327
5 0.5885610551352259 0.33836987315056855 0.032371796554639114 0.011500518869783333
5 0.5888235788279892 0.34914682044478307 0.03499703348227181 0.01096413449455071
5 0.5872484366714096 0.38036220175934077 0.031846749169112606 0.011585902505024422
4 0.38964004263164853 0.48558544269141707 0.20716024987747292 0.012285390527557236
4 0.3730414146180011 0.5621311157701863 0.18629183890481188 0.011399073274723007
4 0.3952310866671831 0.6808758669697021 0.26444511735667564 0.013519148211443744
4 0.38138233024947527 0.506516602664908 0.19566948216148222 0.01194457417802419
4 0.3940057604416808 0.705694251131979 0.26830419075653333 0.015562876959307527
4 0.40806532256360784 0.7321203098480711 0.2979303254156603 0.0143912565995407
4 0.38813279458778205 0.4114523048361034 0.20395114763624203 0.011982536178562419
4 0.38775110899487203 0.4322896089570353 0.2047145188220621 0.011180658040437478
4 0.3824707928705731 0.6194201213317125 0.21672781560952945 0.01192762381296367
4 0.38563974000549284 0.608275045954533 0.22024886798166238 0.012488474661874513
5 0.5900416887624108 0.45125908022120925 0.03466100315553482 0.012098204316471097
5 0.589204238182496 0.44130422408168796 0.03528580954431144 0.011428271178425483
4 0.38783908886520463 0.37880220617818255 0.2014267599169149 0.011756610629679785
4 0.38932497296624474 0.3570719554681874 0.20623448962603957 0.012398061464800835
4 0.38115650015947966 0.36801514237334326 0.18834164443026843 0.012569986440633944
5 0.5876238455520612 0.3183868185181779 0.03214602617886271 0.009431607708171814
5 0.5875345874965215 0.32719337422990524 0.03232454228994167 0.011084547313480459
5 0.5944258344315574 0.5386021604249039 0.03114318567250697 0.012120097556276518
5 0.5877734840569361 0.41086714744221275 0.03394693871121871 0.01187708259443649
5 0.5948683166415779 0.5275191390504612 0.0313083160235192 0.01151717090753262
4 0.3914798938876485 0.463691391424512 0.20970414569443685 0.012605668982787982
4 0.3723372041435744 0.5731323079452891 0.18629183890481193 0.011713267205788235
5 0.5928401913272673 0.494470862287143 0.03641466142319347 0.012371869814038799
0 0.44382035583423446 0.13879535737687904 0.31351376582155394 0.011677922886782544
5 0.5958211478585943 0.5496976543582872 0.03255293790264569 0.011822349494922935
5 0.5973962900151739 0.5605348080619666 0.031502843131592594 0.011603417096868858
5 0.5973962900151739 0.5729044885520249 0.029402653589486405 0.012698079087139458
5 0.5981838610934638 0.5842889732508396 0.0288776062039599 0.011822349494922935
5 0.5989714321717535 0.595235593153546 0.030452748360539503 0.011822349494923006
5 0.5989714321717535 0.6068390102504148 0.031502843131592684 0.010946619902706485
5 0.5987089084789903 0.6180045625511754 0.029927700975012995 0.012260214291031232
5 0.6000215269428066 0.6289511824538818 0.031502843131592684 0.010070890310489963
5 0.6036968586414925 0.6381463431721554 0.031502843131592684 0.009633025514381739
5 0.6050094771053088 0.6475604362884829 0.03517817483027839 0.010508755106598119
5 0.5808572973710877 0.679852965001467 0.03517817483027839 0.011603417096868789
5 0.5829574869131939 0.704044994986448 0.03622826960133157 0.013135943883247753
5 0.5845326290697735 0.730864213748079 0.03727836437238466 0.012479146689085239
6 0.7273986355673269 0.31149920527539504 0.08348253429872042 0.010070890310489928
6 0.7283956127040466 0.3202565011975602 0.08453262906977344 0.009633025514381633
6 0.7299707548606262 0.3287948647216712 0.08558272384082662 0.010070890310489963
6 0.7291831837823364 0.3393036198282694 0.08295748691319382 0.010946619902706414
6 0.7294457074750996 0.3499218411338947 0.08663281861187962 0.010727687504652266
6 0.7302332785533894 0.3598832652453575 0.08505767645530002 0.011822349494922935
6 0.7299707548606262 0.37050148655098275 0.0866328186118797 0.010289822708544042
6 0.7239327099270709 0.38133864025466213 0.10185919279214946 0.011384484698814711
6 0.7310208496316793 0.3922631113544526 0.0855827238408267 0.011384484698814711
6 0.7312833733244426 0.4029034814629938 0.0850576764553001 0.010727687504652266
6 0.7320709444027323 0.41297437177348373 0.08558272384082662 0.012041281892977084
6 0.7407342262639204 0.4328972199964095 0.07140644443160987 0.011165552300760563
6 0.7354837524086549 0.44307757650592644 0.08610777122635312 0.010946619902706414
6 0.7354837524086549 0.4534768654134976 0.08715786599740621 0.010727687504652337
6 0.7352212287158917 0.4636572219230145 0.08978310292503908 0.010508755106598188
6 0.7449346053481326 0.4740565108305857 0.07455672874476915 0.011165552300760563
6 0.745197129040896 0.484784198335238 0.07508177613029575 0.011165552300760563
6 0.741259273649447 0.4957308182379444 0.0882079607684594 0.011603417096868789
6 0.7470347948902389 0.5066774381406508 0.07245653920266305 0.011603417096868858
6 0.7428344158060266 0.5278044145528743 0.08715786599740621 0.011822349494922935
6 0.7501850792033982 0.5394078316497432 0.07665691828687535 0.011384484698814711
6 0.7444095579626061 0.5501355191543954 0.09030815031056558 0.011384484698814711
6 0.745197129040896 0.5615200038532102 0.09188329246714518 0.010946619902706414
6 0.7462472238119491 0.5730582523568839 0.09188329246714509 0.011165552300760563
6 0.7478223659685287 0.5842889732508396 0.09293338723819819 0.011822349494922935
6 0.7480848896612919 0.5953450593525731 0.09345843462372477 0.012041281892977084
6 0.749134984432345 0.6065106116533336 0.09345843462372469 0.011603417096868858
6 0.7498694378763014 0.6184424273472836 0.09188329246714509 0.011822349494923006
6 0.7514976976672145 0.6290606486529089 0.09188329246714526 0.010727687504652337
6 0.7633112638415617 0.6381463431721554 0.07980720260003471 0.009633025514381739
6 0.7604235032211657 0.64766990248751 0.09188329246714518 0.010727687504652337
6 0.7493975081251083 0.6791961678073045 0.11078499834610081 0.01335487628130183
6 0.7543854582876105 0.7032787315932587 0.11131004573162723 0.014668470669626578
6 0.7580607899862963 0.7291127545636458 0.1144603300447865 0.014230605873518423
