0 0.48756917154543267 0.12742843781055757 0.27428021493303395 0.017927083536312092
1 0.46481047190581026 0.24442984394260064 0.1385804537187709 0.015175477358885471
2 0.6011171964866656 0.24807948963352436 0.11746321900914718 0.013677255154621903
7 0.7625394850196229 0.6394283322092239 0.10069876519574981 0.020001395446193927
8 0.75931871698452 0.6590970954936718 0.1167124272351336 0.02194581878077976
4 0.24652461415901816 0.6004373512398485 0.18748106746065615 0.01890807306278258
5 0.5689552024504643 0.5940356303928181 0.06190772470565707 0.01659418098937126
5 0.5568852614954783 0.3592141859835879 0.05134864997735958 0.015273979359660904
6 0.7702809418971953 0.5903493266972114 0.09000191442519395 0.018733865153382722
4 0.3041064420407772 0.5248924660112096 0.29008327749593177 0.01649876218880456
5 0.5662750071790944 0.5204956159732075 0.06128553651766058 0.01889666720934013
6 0.7528596726332919 0.5179605553875851 0.10450368526849806 0.018152429239249132
4 0.297968316263042 0.48073969118666704 0.2676605724131329 0.01642605288959115
5 0.5644802335598738 0.4770565388282903 0.058892505025366124 0.01681512663674205
6 0.74764286398009 0.4758297090494686 0.1005791136211352 0.018105914366118574
4 0.32261654063367473 0.4383677931018443 0.3057097731406145 0.015117333767472088
5 0.5623982961615774 0.4355827150731446 0.05827031683736946 0.01719887434007017
6 0.7425816023738873 0.43558852943228593 0.09873647937206848 0.0195129892783217
4 0.3164784148559395 0.3990943387549658 0.2820905523116684 0.016333265881467746
5 0.558964295970135 0.3980917273298138 0.05078012826648794 0.017175616903504932
6 0.7455369962668709 0.39685908319185065 0.08684311285536514 0.016733725608763263
4 0.3510218244472097 0.3590649513570941 0.3517995596822054 0.015572448612648473
6 0.7315377620369484 0.3587808451752448 0.09330429788456014 0.017303532804614233
4 0.319521373706057 0.5684497892783127 0.3298478431880582 0.01776237460289744
5 0.5671604288312434 0.564359141335442 0.06310424045180431 0.01722213177663549
6 0.7601703838422514 0.5619054817777984 0.10543696755049296 0.01864083540712136
3 0.5050851919211257 0.25870409563457913 0.22315018665645645 0.016280205595739266
