0 0.4617351000325835 0.07797222569155594 0.4036813734736898 0.02924073380207329
1 0.39384633911368017 0.16526412021966627 0.16815189466923583 0.021838014704700384
2 0.3528173369479317 0.18288847997845936 0.08763764466547254 0.018739500948431093
3 0.34276263041609595 0.20177692994168758 0.07563401983575939 0.022114864396460262
7 0.8236592806679511 0.33397633744855965 0.09633911368015415 0.024691358024691357
8 0.8156828368866221 0.356085500206967 0.11726952211628679 0.02599772386590154
4 0.30969830943593324 0.2614043592916104 0.32841969455138337 0.02503078758961871
5 0.552504816955684 0.25709876543209875 0.05876685934489403 0.022839506172839506
6 0.7803468208092486 0.25308641975308643 0.11368015414258188 0.024691358024691357
4 0.30769341284446255 0.3020803757655768 0.3264082931293152 0.02726928962110987
5 0.5527657353885677 0.2975951646090535 0.05904784842646111 0.02466563786008233
6 0.7812978931934158 0.29474918067210004 0.11579213911092051 0.02778558927308387
