0 0.36025466766499303 0.15811717736385864 0.3606032925213207 0.028604806759011593
1 0.3938445266943152 0.23440329076155247 0.14086613772623346 0.019517346349360754
2 0.36067450394570194 0.24974348743088412 0.07405903939206965 0.015438256474567253
3 0.3545043541952831 0.26524565112015686 0.0636668997021822 0.019585651530421095
7 0.7987204884226935 0.6031750555777232 0.08453219887636798 0.01920994128712298
8 0.7924411368463743 0.6209936535730582 0.09871464768548693 0.021574607387695722
4 0.3204949176760952 0.5250355253857635 0.2615854252589874 0.022531506753791748
5 0.5797583866463157 0.5706169602310514 0.056441399019257696 0.020673012977635855
6 0.7910076965544117 0.5690921355146402 0.10301042444711461 0.020929525546751773
4 0.32010896689119184 0.5740570791447784 0.2688523094547158 0.022343194120711153
5 0.5702026434579288 0.5200697334169374 0.05119670054882598 0.019162438959509084
6 0.7749569707401033 0.5178751258811681 0.0972461273666093 0.019637462235649546
4 0.31116854342752154 0.5394503960515842 0.246139514970047 0.02030306888601991
5 0.5714691650699834 0.5368998080905965 0.05353489429415792 0.01875391894202803
6 0.7873705062838957 0.5346054456668378 0.08274607865423955 0.01940945106310213
