0 0.4627302234299517 0.1353977958937198 0.1537967995169082 0.010378925120772958
3 0.5343085209097311 0.18784833702175968 0.02762390020952325 0.01068240204343715
7 0.6230183205409356 0.36515299479166663 0.041198373538011625 0.009825589364035103
8 0.6149659630847953 0.3749914336622807 0.05844526681286544 0.0115645559210526
4 0.42951925212179703 0.2959117873718864 0.05984398844646425 0.010818283808858742
4 0.44890062432540095 0.30578596314840145 0.09703610515036772 0.012914093440039132
5 0.544110928362573 0.2912083675986842 0.01797788742690054 0.011230468749999944
5 0.5446763066520467 0.3004642955043859 0.017989309210526255 0.01027960526315791
5 0.5537908899853801 0.3448293585526315 0.023174798976608162 0.010639391447368418
6 0.612479701725363 0.2872309182819567 0.04000313309898148 0.010619029664156676
4 0.44026698313850465 0.3402896282965676 0.07227604988722762 0.008582612924408484
4 0.4522408801212645 0.347654879354594 0.0983508420966522 0.009271518703092618
5 0.5454130116959064 0.3194558662280701 0.016515899122806932 0.011273300438596479
6 0.612852933114035 0.29683645148026316 0.040398848684210474 0.011110540021929849
4 0.4506236293859649 0.32291666666666663 0.09644554093567244 0.012061403508771884
5 0.5485540021929824 0.33669133771929827 0.017658077485380064 0.00892612390350872
6 0.6147089729532164 0.3157980400219298 0.04125548245614027 0.011307565789473617
1 0.46854871175523344 0.17219580314009664 0.062273550724637694 0.008963617149758463
2 0.45433738589309236 0.17858591862922707 0.033221873235460185 0.008062537741545889
6 0.6172046326754385 0.33323053728070173 0.039119608918128636 0.009851288377192957
6 0.621345029239766 0.3421181126644737 0.03483644005847952 0.009208813048245612
