0 0.46103030107220316 0.12322998268327544 0.39176654023529994 0.02517521751803689
7 0.6241349375198688 0.3488652679894886 0.10631403907759272 0.018973477767844357
8 0.616827248347313 0.36810772213772364 0.1241899591617147 0.02073827243630672
1 0.4853275621744553 0.2329587014826597 0.14916978455970462 0.017028720485163743
2 0.473100530653168 0.25018093015515486 0.12145517977812013 0.01741573685982655
3 0.44579349358895975 0.2672096506403186 0.06684110564970368 0.01818976960915217
4 0.34838480913603787 0.29430079686671545 0.23231359890445794 0.01818976960915217
4 0.3491999445707904 0.31423214016185025 0.2339438697739629 0.017802753234489332
5 0.5232313598904458 0.29449430505404683 0.05053839695465406 0.017028720485163715
5 0.5236389276078219 0.31403863197451887 0.05298380325891149 0.01741573685982655
6 0.6308292372777736 0.29507482961604103 0.0815135434752484 0.01741573685982655
6 0.6328670758646548 0.31423214016185025 0.08232867891000095 0.020898884231791863
