0 0.3551000281769512 0.08537723534102735 0.3884192730346577 0.025305566841397453
1 0.3869863232279133 0.15797738996724026 0.15734603486285473 0.016127771660266174
2 0.347801213332988 0.17231387426437178 0.08250408220976369 0.015597392184202048
3 0.33984080540626677 0.18597648005100842 0.0667258279025975 0.015476683425187602
7 0.7844991546914624 0.5677016885553471 0.1019653423499577 0.021257035647279557
8 0.779480135249366 0.5872701688555347 0.11552550014088468 0.02245778611632276
4 0.25250070442378136 0.49802063789868667 0.25873485488870107 0.017617260787992507
5 0.5461045364891518 0.49621951219512195 0.05924204001127082 0.01975609756097561
6 0.7693091634630518 0.46226015588356006 0.10945155191300579 0.019194509996482173
4 0.2509157509157509 0.5136585365853659 0.2619047619047619 0.01951219512195122
5 0.5492917144422834 0.5327018099385847 0.05991192191847625 0.02183840638924699
6 0.7719504731781015 0.4792506405828594 0.11121317029637542 0.018984647539722153
4 0.18979857276278037 0.4644172436569243 0.1298084726599647 0.018890772492084956
5 0.5478655959425189 0.4629924953095685 0.06276415891800508 0.01866791744840523
6 0.7768295580449324 0.5345536887220772 0.11554347618965065 0.02470125294984161
4 0.2467948717948718 0.5321951219512195 0.2573260073260073 0.01951219512195122
5 0.548235418427726 0.5132926829268293 0.060263454494223684 0.019380863039399652
6 0.7789518174133558 0.49593808630393993 0.10601577909270223 0.018442776735459698
4 0.29131445477599327 0.4817073170731707 0.3381234150464919 0.018761726078799244
5 0.5473901098901099 0.48017823639774854 0.06195407156945622 0.019005628517823635
6 0.7817076927307594 0.5132964446620691 0.10226508791126238 0.01843525326498011
