0 0.5131902413646758 0.12107654326909338 0.30703496322812934 0.014086017966813635
1 0.29946867880787753 0.21708556977704374 0.14212143693273055 0.0158930865216992
3 0.7054290211158305 0.21716483202163467 0.1963934572785278 0.0243362686111026
7 0.7399788330943876 0.8131040243591034 0.10667019748899176 0.021787180201877553
8 0.7183185050436941 0.8332062712589833 0.1534281262291159 0.024591219295043543
4 0.3604281123071547 0.26198074364620605 0.2837268055706732 0.016707381411138606
4 0.25777396495127664 0.29483639554087526 0.07885389872649048 0.017515941829525646
2 0.3032161414323115 0.23220020185338103 0.15525014751628408 0.01433617763097534
5 0.532948560990303 0.26256127450980393 0.05052566120600868 0.017020697167755963
4 0.3612098952564177 0.3113134142545908 0.28517849161468356 0.01726384998443825
5 0.5336772964884665 0.2944142934951759 0.04712489554791188 0.017020697167755963
5 0.5336772964884665 0.3102192265795207 0.05003983754056628 0.016534391534391554
4 0.35416545210750305 0.32760465297230007 0.2691463106550846 0.015318627450980388
5 0.5312481781612546 0.3269967709305945 0.04712489554791188 0.01458916900093369
4 0.35853786509648455 0.3445037737317149 0.28372102061835636 0.016534391534391554
4 0.35246506927845467 0.36115974167444764 0.2715754289822966 0.015804933084344854
4 0.35780912959832095 0.3776941332088391 0.28809343360733786 0.0158049330843448
4 0.3556229231038302 0.3947148303765951 0.28760760994189555 0.016777544351073786
4 0.3563516586019938 0.4117355275443511 0.2900367282691074 0.01677754435107373
4 0.3544083639402243 0.42960725957049495 0.2871217862764531 0.016534391534391554
4 0.35416545210750305 0.44614165110488646 0.29052255193454984 0.01604808590102703
4 0.35392254027478187 0.4625544662309368 0.2929516702617618 0.01726384998443825
4 0.35416545210750305 0.4801830454403984 0.294409141258089 0.016534391534391495
4 0.3519792456130123 0.49732531901649557 0.2939233175926466 0.015804933084344854
4 0.3468780971258672 0.514832321817616 0.28469266794924114 0.01580493308434491
4 0.34930721545307913 0.5316098661686898 0.2982957305816281 0.017263849984438195
4 0.3349754173225286 0.5494815981948336 0.27351872364406615 0.017507002801120428
4 0.33206047532987426 0.5857113678804856 0.27643366563672045 0.018965919701213824
4 0.3165141180357178 0.6034615234982882 0.25214248236460096 0.017993308434484896
4 0.3420198604714432 0.6223058667911608 0.3041256145669368 0.018722766884531592
4 0.33643288831885576 0.641514939309057 0.29586661225441613 0.018236461251167128
4 0.3376474474824618 0.6781094382197324 0.3109271458831303 0.017993308434484896
4 0.3369187119842982 0.6971969343292872 0.31141296954857267 0.018722766884531592
4 0.32865970967177754 0.7351287737317149 0.3016964962397248 0.01920907251789606
4 0.3274451505081715 0.7729390367258016 0.2963524359198585 0.02091114223467169
5 0.531734001826697 0.34316643323996265 0.04809654287879669 0.01677754435107373
5 0.5310052663285334 0.3595792483660131 0.050525661206008626 0.016534391534391495
5 0.5312481781612546 0.376478369125428 0.05003983754056628 0.01726384998443825
5 0.531734001826697 0.3938637955182073 0.05003983754056628 0.017020697167755963
5 0.5312481781612546 0.41161395113601 0.05198313220233583 0.017507002801120428
5 0.5312481781612546 0.42851307189542487 0.05295477953322063 0.01629123871770932
5 0.5314910899939758 0.4451690398381575 0.054412250529547825 0.01702069716775602
5 0.5324627373248606 0.4625544662309369 0.05149730853689349 0.018236461251167128
5 0.5324627373248606 0.4796967398070339 0.05052566120600868 0.017020697167755963
5 0.5327056491575818 0.49635270774976664 0.05101148487145109 0.01775015561780266
5 0.5324627373248606 0.5142244397759104 0.05344060319866303 0.01799330843448495
5 0.5322198254921393 0.5314882897603486 0.051983132202335885 0.017993308434484896
5 0.5305194426630909 0.5492384453781514 0.050525661206008626 0.017993308434484896
5 0.5283332361686003 0.5853466386554621 0.05003983754056634 0.018236461251167128
5 0.5280903243358791 0.6030967942732649 0.050525661206008744 0.018236461251167128
5 0.5283332361686002 0.6218195611577965 0.05295477953322057 0.019695378151260524
5 0.5288190598340425 0.6407854808590103 0.05198313220233583 0.018722766884531592
5 0.5261470296741094 0.6781094382197324 0.05344060319866303 0.017993308434484896
5 0.5273615888377154 0.6967106286959228 0.051983132202335885 0.02018168378462499
5 0.5234749995141763 0.7352503501400561 0.051011484871451025 0.019938530967942757
5 0.5215317048524067 0.7726958839091194 0.051983132202335885 0.019452225334578292
6 0.7340795584834529 0.2662085667600374 0.09133484910316948 0.017993308434484896
6 0.7406381779669251 0.29660266884531594 0.08016090479799451 0.016534391534391554
6 0.7357799413125014 0.31167814347961414 0.09279232009949669 0.01702069716775602
6 0.7362657649779436 0.32687519452225333 0.09473561476126617 0.01629123871770932
6 0.7301929691599137 0.3425585511982571 0.10882450105909554 0.01702069716775602
6 0.7377232359742708 0.35909294273264863 0.09570726209215097 0.017020697167755963
6 0.7382090596397132 0.3761136399004046 0.09765055675392056 0.01702069716775602
6 0.7389377951378768 0.3925264550264551 0.09910802775024777 0.016777544351073786
6 0.7391807069705979 0.4097903050108933 0.10056549874657486 0.01726384998443825
6 0.7440389436250219 0.4276620370370371 0.09182067276861189 0.017993308434484896
6 0.7408810897996463 0.44480431061313414 0.09910802775024777 0.01775015561780272
6 0.7411240016323675 0.4619465841892313 0.09765055675392056 0.01847961406784936
6 0.746710973784955 0.47945358699035173 0.0884199071105152 0.017020697167755963
6 0.7413669134650887 0.49659586056644883 0.10007967508113257 0.018236461251167128
6 0.7416098252978098 0.5136165577342048 0.09959385141569017 0.018236461251167183
6 0.7403952661342039 0.5320961718020543 0.10202296974290205 0.01775015561780266
6 0.7333508229852893 0.549967903828198 0.11805515070250103 0.01847961406784936
6 0.7326220874871257 0.5869271319638968 0.11173944305174995 0.02042483660130722
6 0.739180706970598 0.6050420168067228 0.09862220408480538 0.01775015561780266
6 0.7389377951378767 0.623400054466231 0.10105132241201725 0.019938530967942757
6 0.7321362638216833 0.642609126984127 0.11562603237528903 0.018965919701213824
6 0.7333508229852893 0.6804193899782136 0.11222526671719223 0.019695378151260524
6 0.7406381779669251 0.6998716153127919 0.09862220408480538 0.020667989417989342
6 0.7394236188033191 0.7392623716153128 0.10396626440467166 0.021640600684718386
6 0.7396665306360403 0.777802093059446 0.10833867739365326 0.021397447868036153
