1 0.33480877071388065 0.21503399825204117 0.2568731228866066 0.02167594522445114
2 0.757103301045014 0.2106683297100959 0.17678115335491365 0.023403500266038855
3 0.31118076995778465 0.2325722556847364 0.21171738810828977 0.01928374655647383
7 0.7734051190018374 0.4312323865615401 0.1780398524405703 0.02176941832114245
8 0.7395775470381291 0.45062695924764895 0.2471193151875116 0.023352648744498286
4 0.3484168696320985 0.4006720813147146 0.31728126023729153 0.018769196668883176
5 0.6019028899428848 0.4003356448497514 0.04817046247632071 0.021025300022165256
6 0.791869023563797 0.3959985641653915 0.12971749276045447 0.020991694062428286
4 0.35408565853380625 0.2802990722269719 0.3116409577119742 0.01728096007092875
5 0.5979860131891922 0.27783714891865363 0.04603398424703394 0.018246730629175794
6 0.7922884791099999 0.27424972841954887 0.10751379937518028 0.01829703472228406
4 0.3591775983136065 0.3657460181754853 0.33421641100143856 0.01895918431968584
5 0.6010198122747796 0.3651602229188436 0.04708798017348203 0.020922390044647157
6 0.7915295759802875 0.36131297299008897 0.12612343146890004 0.021492352997055222
4 0.3620262359526557 0.2980642236889754 0.3285191357233403 0.022123032942494986
5 0.5985272543406116 0.29461147525410847 0.046375820763719704 0.020320762483771862
6 0.791408508880628 0.2922445457711915 0.10927373983392438 0.021888160602894204
4 0.3628167328974918 0.2629635030754251 0.32693814183366804 0.02028748990690607
5 0.5985272543406116 0.2606670149773598 0.0449515019441952 0.02092239004464712
6 0.791926651360664 0.2574356892990615 0.10681313605432743 0.018677274072786663
0 0.36820826244933114 0.13744922258019332 0.30978934324659235 0.0204276976233833
