0 0.5297129063148281 0.11901354969923247 0.48718435686186895 0.13658203130822666
2 0.4044082241910632 0.2690917667147514 0.07112705444273246 0.029342780686311055
1 0.48816287878787873 0.23949627608164192 0.23674242424242428 0.029848200579907908
3 0.45738636363636365 0.305944055944056 0.14299242424242417 0.039086929330831806
4 0.44632768361581926 0.3706818880444345 0.5268361581920904 0.03179953572677837
4 0.38488700564971756 0.4379909053327822 0.4124293785310736 0.03073955120255246
4 0.4385593220338983 0.5021199690484519 0.5310734463276837 0.03179953572677837
4 0.4018361581920904 0.5683690018125735 0.45480225988700557 0.02861958215410057
6 0.8298022598870056 0.3966515088879703 0.06779661016949158 0.03073955120255246
6 0.8347457627118644 0.46078057260364 0.07203389830508465 0.027559597629874588
6 0.8319209039548023 0.5286195821541005 0.08615819209039548 0.02967956667832648
6 0.8432203389830509 0.599108553015126 0.07485875706214709 0.03073955120255239
8 0.8135593220338982 0.6441578952947287 0.15112994350282472 0.04663931906594161
