0 0.44726053101882585 0.11868471191042945 0.44696100492578716 0.022362141382126582
1 0.3823983709077734 0.19966074966249012 0.18306765751701204 0.01926745687212263
2 0.3424951556239034 0.21568145070757186 0.1001778864534925 0.016640186309814453
3 0.3341509597616239 0.2325841472262428 0.08366153236585973 0.018474192846389043
6 0.784073755846038 0.2798004150390625 0.12508256880394064 0.029858679998488652
4 0.2978460691043929 0.2825937271118164 0.3455300801440689 0.021879105340866817
5 0.5572381489917252 0.2838646343776158 0.06550165156131449 0.022164253961472286
6 0.7897179564503509 0.31236117226736887 0.10825710267687784 0.026637940179734004
4 0.30005260230196085 0.31499641282217844 0.3467934685158621 0.020668506622314453
5 0.5584956213990184 0.3161020278930664 0.06949940798676972 0.023871285574776784
6 0.7907954723954381 0.34448745137169245 0.10362065363002655 0.023791426704043432
4 0.3003667388591853 0.3468482040223621 0.34690641597116845 0.020514874231247676
5 0.5583289787512448 0.34745013146173387 0.06827097127216901 0.023235934121268138
6 0.7929013705217423 0.37723288081941153 0.10115285129576063 0.022264185405912854
4 0.2931804396494748 0.37810826301574707 0.33117349303365656 0.02012023471650623
5 0.5573605897755832 0.3787754376729329 0.0684673674008915 0.02393627166748047
6 0.7935445087994357 0.4101371311006092 0.10309689974748672 0.022720064435686384
4 0.2983025129720546 0.41021885190691265 0.3424617900472129 0.019859813508533296
5 0.5571453690709763 0.4104878788902646 0.06935348858059086 0.023446355547223772
6 0.7950611722306525 0.4435698418390183 0.10445699272097876 0.02217424483526321
5 0.5576955885011617 0.4436612129211426 0.06998815232596738 0.024311292739141555
4 0.30052586209611215 0.4437907309759231 0.3452521571621005 0.020325660705566406
5 0.557970200395367 0.4754442260378883 0.07185921792014416 0.0252948488507952
4 0.2994904351704761 0.4755232674734933 0.34428060760266505 0.020602816627139135
6 0.7956929879774635 0.47719235647292363 0.10562532045772477 0.023453349158877417
7 0.8305615438134247 0.5093144689287458 0.10051786338794576 0.01861277080717541
8 0.8231366957807758 0.5262967064267113 0.12237317283526176 0.020422163463774182
