2 0.48462568595584504 0.041210400527816715 0.05334749814480707 0.013977504029112344
3 0.48170062911039013 0.05423797383146771 0.04789817680746817 0.016524052337064585
7 0.7741459564801386 0.40961856131655194 0.06210694743858312 0.015698774802793594
8 0.7648186778695254 0.42742734137331595 0.08432275822106343 0.018008565116616068
1 0.5095338983050848 0.02780720338983051 0.09533898305084743 0.017478813559322036
4 0.428062678062678 0.26495726495726496 0.14173789173789175 0.015491452991453016
4 0.42663817663817666 0.27871260683760685 0.1403133903133903 0.014155982905982896
4 0.4367877492877493 0.2922008547008547 0.16274928774928776 0.013354700854700852
4 0.43518518518518523 0.30515491452991456 0.16239316239316243 0.012019230769230803
4 0.4339387464387464 0.31824252136752135 0.1606125356125356 0.013621794871794855
4 0.43892450142450146 0.33092948717948717 0.17129629629629634 0.013354700854700852
4 0.43144586894586895 0.344150641025641 0.16274928774928782 0.014155982905982896
4 0.43108974358974367 0.35763888888888895 0.16417378917378916 0.014423076923076934
4 0.44978632478632485 0.3713942307692308 0.20227920227920232 0.014155982905982896
4 0.4188034188034188 0.38381410256410264 0.14387464387464385 0.013354700854700852
4 0.4182692307692308 0.39837072649572647 0.14494301994301992 0.015758547008546984
5 0.6032763532763533 0.2589476495726496 0.03205128205128204 0.014690170940170937
5 0.603454415954416 0.2729700854700855 0.032407407407407426 0.014423076923076934
5 0.6036324786324786 0.2856570512820513 0.033475783475783484 0.014155982905982932
5 0.6036324786324786 0.2988782051282051 0.03276353276353281 0.013354700854700852
5 0.604522792022792 0.312366452991453 0.03454415954415955 0.013087606837606848
5 0.603988603988604 0.32545405982905984 0.034188034188034254 0.014155982905982932
5 0.604522792022792 0.33934294871794873 0.03454415954415955 0.014690170940170973
5 0.6038105413105413 0.35296474358974367 0.03525641025641022 0.014155982905982896
5 0.6038105413105413 0.3673878205128205 0.032407407407407426 0.01362179487179489
5 0.6032763532763533 0.38141025641025644 0.03205128205128204 0.013888888888888857
5 0.603454415954416 0.3948985042735043 0.033119658119658196 0.014155982905982896
6 0.7353988603988605 0.24372329059829062 0.07692307692307689 0.01842948717948719
6 0.7407407407407408 0.2584134615384615 0.06695156695156697 0.016292735042735026
6 0.7409188034188035 0.2712339743589744 0.06801994301994303 0.01629273504273506
6 0.7410968660968661 0.28392094017094016 0.0690883190883191 0.01602564102564106
6 0.7414529914529915 0.2987446581196581 0.06980056980056977 0.016826923076923066
6 0.7418091168091169 0.31250000000000006 0.07051282051282054 0.017094017094017103
6 0.7478632478632479 0.32518696581196577 0.060541310541310525 0.01629273504273506
6 0.7446581196581197 0.3401442307692308 0.0690883190883191 0.01629273504273506
6 0.7448361823361823 0.35523504273504275 0.07015669515669515 0.01602564102564102
6 0.7448361823361823 0.36858974358974367 0.07015669515669515 0.016025641025641094
6 0.7443019943019943 0.3834134615384616 0.07193732193732198 0.01736111111111107
