0 0.37268781661987305 0.11109409404798153 0.302497182573591 0.016193530103250753
2 0.7478656379544005 0.17800349246413083 0.16577599973094706 0.01790289159661161
1 0.3379599123584981 0.1796014589955145 0.2489941655373087 0.01692967481335155
3 0.3121061714328065 0.19469650133178865 0.20312371545908403 0.01740581091819154
6 0.7821904396524235 0.2146156804189936 0.10134451729910714 0.016319516644882764
5 0.5907650188523896 0.21795177580588065 0.03715324401855469 0.01534328291473582
4 0.36357712259097974 0.22007970967069174 0.3148888568488919 0.016581662254188452
6 0.7818395653549506 0.22875302584301233 0.10525901950135523 0.015440366718403438
5 0.5912399097364776 0.2320342069947372 0.03601506291603555 0.014118750587917854
4 0.36237994018866093 0.23378267276120882 0.31461892809186665 0.014824580783626426
6 0.7824053083147321 0.2429081441784993 0.10650930599290498 0.01561943025190114
5 0.5911804899877432 0.24595790036277626 0.03594059846839126 0.014780699677944788
4 0.36113524923519214 0.247476149874495 0.31445032236527426 0.015149830865316065
6 0.7909779840586136 0.2577254243374475 0.09183696824677136 0.015554043729948907
5 0.5906048404927157 0.260419673943852 0.03717940194266183 0.015713361732860028
4 0.361233224674147 0.26187615340200215 0.3197576561752631 0.014782343527210076
6 0.7917095106475207 0.27249656068054895 0.09244661915058992 0.01580551398873178
5 0.590249236749143 0.2758086655378644 0.03983509297273597 0.01601186542003327
4 0.35756101413648955 0.276491259440723 0.31977645718321507 0.0160064697265625
6 0.7841941288539341 0.2881036330538557 0.10817274755361128 0.016293911275150508
5 0.590240361739178 0.2910634610136199 0.04069051937181122 0.015407605769516398
4 0.3241052822190888 0.29145217334665124 0.2508948189871652 0.01485796059341334
6 0.7920951454006896 0.3034436766185688 0.0929276602608817 0.015934952613820896
5 0.5899026831802057 0.30634084491222074 0.04029939612563776 0.015679459759188847
4 0.3565859016107053 0.3064810362454452 0.3203209273669185 0.015727189406091573
6 0.7925541936134806 0.3190089178629248 0.09234743702168367 0.016551956930994535
5 0.589433358640087 0.32147445001831826 0.04060441620495855 0.015708623579095374
4 0.3559276425108618 0.3216598472063381 0.3248513669383769 0.015768788462204926
6 0.7932741982596261 0.3351395949060322 0.0933415159887197 0.016432381401497147
5 0.5890068326677594 0.3369167119982276 0.04083014507682956 0.016385464009525508
4 0.3447750636509487 0.3372591354698887 0.3085149648238201 0.016154860966710233
6 0.7940133931685467 0.3510913921399715 0.09297950900330836 0.016602722864187264
5 0.5888143072322923 0.3523990452214037 0.041058949061802456 0.01570707642684569
4 0.3512787526967574 0.3526230535277547 0.32436335816675305 0.0163752528046776
6 0.7939179868114238 0.36723828527259583 0.09368086834343112 0.016865351958570977
5 0.5884170726853974 0.36784476895447166 0.041153693685726245 0.0160004938509981
4 0.3520631790161133 0.36818647686821726 0.3221201604726363 0.016365660460729563
6 0.7940618943194954 0.3833601532175816 0.09433302587392378 0.01653534438371356
4 0.3508148193359375 0.38372031092190473 0.32452999815648914 0.016235622314143695
5 0.5877004740189533 0.383726267458066 0.040345639598612884 0.016294104669181717
4 0.34917318577669104 0.3995950793132129 0.32697753516995176 0.017074681657953106
5 0.5869735017114756 0.3998293761820243 0.03942925589425223 0.017136915857196608
6 0.7937357377032844 0.399907139921974 0.0946909067582111 0.016929017273645437
4 0.3387996712509467 0.41558447234681956 0.30832434673698583 0.017488699599968315
5 0.5865476374723473 0.4163277629663736 0.03881466145418128 0.01712627918548004
6 0.7927601094148597 0.41687487468066775 0.09405891262755102 0.017797279116167616
4 0.33824124628183794 0.4476396103775547 0.31463946128378106 0.01773554774140526
5 0.58557399438352 0.44863299815826996 0.03758617323272082 0.0169443340809173
6 0.7847776996846102 0.4489791928135397 0.10695593697684151 0.017324275994633237
4 0.34376304003657127 0.46415238567782596 0.3300392773686623 0.018289466925598068
5 0.585517980614487 0.464442070597176 0.03847982445541693 0.01685336152863593
6 0.7851304813307158 0.4652966401422885 0.10813825957629146 0.017406468457897655
4 0.3402964047023228 0.5289516473148863 0.33491300076854474 0.018124231065331908
5 0.5844795655231086 0.5295524258728415 0.04005218038753587 0.01642255698471166
6 0.7806449812285754 0.531899165744564 0.12571428260024714 0.019098472836957384
7 0.7562799648362764 0.5640278902041745 0.17956644175003986 0.01963173753861692
8 0.722578360109913 0.5823761489152606 0.24949077684052137 0.023695564995247147
