0 0.3926081580260857 0.11014038686697998 0.37374440968576284 0.02465011733422684
3 0.3849827627219523 0.2034948059006405 0.08020942271114616 0.01851777934854948
7 0.825026721846137 0.5172748316700444 0.08993614163948808 0.019133424902267736
8 0.817464667781219 0.5340453938584779 0.10871451932651817 0.02113129256274554
4 0.34829528325156905 0.45783586748758537 0.3141621216689049 0.018552314356792287
5 0.58001708371018 0.45692337985419407 0.05739487123267653 0.020732679543948262
6 0.7917888563049853 0.4568345323741007 0.08602150537634409 0.020554984583761562
4 0.3478384995569198 0.47471928998856994 0.3150756890582033 0.01870119391802981
5 0.5790235791743178 0.47377318438973787 0.05938188030440063 0.018730009316978987
6 0.7926384739770329 0.4727646454265159 0.08797653958944282 0.019527235354573486
4 0.3473817158622706 0.4901115155939334 0.3159892564475018 0.018749219582945162
5 0.5801084404491097 0.4906253902085274 0.05972446807538756 0.019776968812133238
6 0.7908113391984359 0.4886947584789311 0.08797653958944282 0.019527235354573486
1 0.4250874740775254 0.1760140619146872 0.15713359095933715 0.018730009316978987
2 0.3867176437269895 0.1899415047401331 0.08587533459405627 0.016808982720365764
