0 0.37561453061276495 0.13149114274421292 0.30353627925409626 0.0285972014325116
1 0.3476349985215342 0.19622710930590612 0.2512702352114496 0.029369707711849404
2 0.7440476190476191 0.20010587612493383 0.16125541125541126 0.02011646373742721
3 0.3226798103493464 0.21021128847150933 0.211851950798593 0.025769663849539836
7 0.744580155294441 0.5025586730192341 0.1926235140520855 0.018351861655196734
8 0.7292378780187008 0.5201742721701605 0.22674378632499786 0.02177385182124916
4 0.36719233147804575 0.23864142445402373 0.3014842300556586 0.026889174586368865
4 0.37105751391465674 0.2541867285117682 0.31436817151102864 0.02604888788054485
4 0.36976911976911975 0.2672111724520407 0.31694495980210263 0.02604888788054485
4 0.36848072562358275 0.28107590309813707 0.31608603037174465 0.02520860117472077
4 0.3637566137566137 0.29536077709714553 0.3032020889163747 0.024368314468896785
4 0.37105751391465674 0.31048593780197803 0.3229574658146087 0.026889174586368893
4 0.3706280491994778 0.3247708118009865 0.32038067752353466 0.02520860117472086
4 0.3736343022057308 0.3827505945028444 0.32811104239675665 0.02268774105724875
4 0.36848072562358275 0.4130009159125093 0.32811104239675665 0.023528027763072768
4 0.3646155431869717 0.4428310939692623 0.3289699718271147 0.021007167645600715
4 0.3663334020476878 0.47308141537892734 0.33240568954854666 0.021007167645600656
5 0.5952380952380952 0.24326300133605586 0.04466433037861603 0.015965447410656496
5 0.5969559540988113 0.25859823371734436 0.048100048100048115 0.015545304057744519
5 0.5969559540988112 0.2720428210105288 0.049817906960764095 0.016385590763568537
5 0.5978148835291692 0.28632769500953725 0.049817906960764095 0.015545304057744519
5 0.5952380952380952 0.30103271236145773 0.04294647151790017 0.016385590763568537
5 0.5965264893836322 0.31531758636046625 0.04724111866969006 0.015545304057744519
5 0.5978148835291691 0.3302326753888427 0.048100048100048115 0.015125160704832481
5 0.6003916718202433 0.38800238641424456 0.04466433037861615 0.017225877469392553
5 0.6008211365354222 0.4169922777651735 0.04552325980897408 0.017225877469392553
5 0.5999622071050642 0.4464023124690144 0.038651824366110026 0.016385590763568474
5 0.6051157836872122 0.47434184543766333 0.048958977530406046 0.017646020822304532
6 0.7644471930186216 0.24284285798314384 0.11681440252868826 0.018486307528128607
6 0.7743248814677386 0.2588083053938004 0.10393046107331821 0.01764602082230456
6 0.7726070226070226 0.27435360945154486 0.10393046107331821 0.014284873999008433
6 0.7674534460248745 0.2877981967447293 0.11595547309833021 0.015965447410656496
6 0.7781900639043496 0.3016629273908258 0.09276437847866427 0.014284873999008463
6 0.7747543461829176 0.31594780138983425 0.10307153164296028 0.015125160704832481
6 0.7747543461829176 0.3308628904182107 0.10822510822510822 0.017225877469392553
6 0.7704596990311277 0.38884267312006854 0.11166082594654018 0.020587024292688678
6 0.7708891637463066 0.4184627795003655 0.11423761423761422 0.019326594233952624
6 0.7708891637463066 0.44871310091003047 0.11595547309833033 0.021847454351424673
6 0.7769016697588127 0.4758123471728554 0.12110904968047828 0.01806616417521663
