0 0.4989351851851852 0.11040142854054767 0.2382407407407407 0.015525267918904628
1 0.44416666666666665 0.1883203125 0.10009259259259264 0.013333333333333357
2 0.4364957625777633 0.1986524931589762 0.08534180817780673 0.010898138682047538
3 0.4166782407407408 0.20793619791666665 0.0451157407407407 0.011861979166666679
7 0.703900462962963 0.4579752604166667 0.0586342592592593 0.0150390625
8 0.6950106359411168 0.46967465082804366 0.07872872811776624 0.014426740010579451
4 0.36886304909560724 0.22819767441860464 0.18733850129198967 0.015503875968992241
4 0.3232127476313523 0.24878875968992248 0.09345391903531441 0.013081395348837219
4 0.35508182601205857 0.25920542635658916 0.15633074935400518 0.011627906976744172
4 0.35486649440137813 0.269500968992248 0.15848406546080968 0.011385658914728687
4 0.31718346253229973 0.28924418604651164 0.08656330749354008 0.01211240310077521
4 0.3725236864771748 0.30050872093023256 0.19638242894056845 0.012839147286821699
4 0.3723083548664944 0.31964631782945735 0.19509043927648576 0.012839147286821699
4 0.3598191214470284 0.3299418604651163 0.16666666666666666 0.01211240310077521
4 0.35099052540913006 0.34072189922480617 0.15073212747631354 0.01187015503875969
4 0.3740310077519379 0.3511385658914729 0.19767441860465115 0.011385658914728723
4 0.37316968130921624 0.36070736434108525 0.19853574504737298 0.011143410852713203
4 0.3748923341946598 0.3712451550387597 0.19595176571920755 0.01187015503875969
4 0.3649870801033592 0.3796027131782945 0.17872523686477174 0.011143410852713132
4 0.36003445305770887 0.3889292635658914 0.17054263565891473 0.012354651162790659
4 0.3598191214470284 0.39837693798449614 0.17097329888027563 0.01187015503875969
4 0.3723083548664944 0.40843023255813954 0.19767441860465115 0.012596899224806179
4 0.36864771748492675 0.41884689922480617 0.19121447028423771 0.011143410852713203
4 0.36434108527131787 0.42890019379844957 0.18690783807062877 0.011385658914728723
4 0.35852713178294576 0.438468992248062 0.1718346253229974 0.011627906976744241
5 0.5996985357450474 0.2262596899224806 0.03402239448751074 0.014534883720930232
5 0.6003445305770886 0.24624515503875968 0.03617571059431523 0.012839147286821699
5 0.6007751937984496 0.25763081395348836 0.0378983634797588 0.01187015503875969
5 0.6020671834625323 0.26804748062015504 0.037898363479758924 0.01187015503875969
5 0.6003445305770886 0.2874273255813954 0.03531438415159338 0.012354651162790695
5 0.6005598621877691 0.2977228682170543 0.037467700258398004 0.012596899224806215
5 0.6003445305770886 0.3178294573643411 0.03445305770887166 0.012596899224806179
5 0.6009905254091301 0.32860949612403106 0.03402239448751074 0.012354651162790659
5 0.6007751937984496 0.33854166666666663 0.03445305770887166 0.01187015503875969
5 0.6007751937984496 0.3481104651162791 0.035314384151593506 0.01211240310077521
5 0.6016365202411714 0.3587693798449612 0.0378983634797588 0.011143410852713203
5 0.6014211886304909 0.3688226744186046 0.03746770025839788 0.010901162790697683
5 0.6016365202411713 0.37923934108527135 0.03703703703703708 0.011385658914728723
5 0.6022825150732127 0.38929263565891475 0.03488372093023246 0.01211240310077521
5 0.603359173126615 0.3989825581395348 0.03445305770887166 0.011143410852713132
5 0.6042204995693367 0.40879360465116277 0.03445305770887166 0.010901162790697612
5 0.6042204995693367 0.41872577519379844 0.03445305770887166 0.010901162790697683
5 0.6052971576227391 0.4284156976744186 0.03316106804478889 0.009932170542635675
5 0.6070198105081825 0.43943798449612403 0.03316106804478889 0.012112403100775139
6 0.6862618432385874 0.22613856589147285 0.0736434108527131 0.013808139534883707
6 0.6897071490094746 0.24503391472868216 0.060723514211886265 0.012839147286821699
6 0.6942964039621016 0.2562984496124031 0.05555555555555555 0.011627906976744172
6 0.6937984496124031 0.266593992248062 0.05770887166236005 0.010901162790697683
6 0.6901378122308355 0.28524709302325585 0.06503014642549526 0.012354651162790695
6 0.6901378122308355 0.29651162790697677 0.06847545219638253 0.012112403100775175
6 0.6925064599483204 0.3160125968992248 0.06459948320413433 0.013808139534883707
6 0.6931524547803618 0.3273982558139535 0.06503014642549526 0.010901162790697683
6 0.6935831180017226 0.3375726744186046 0.06503014642549526 0.01187015503875969
6 0.6933677863910422 0.3481104651162791 0.06459948320413433 0.01211240310077521
6 0.6935831180017226 0.3585271317829457 0.06158484065460811 0.011143410852713203
6 0.6944444444444444 0.3684593023255814 0.06330749354005169 0.011143410852713203
6 0.6937984496124031 0.37863372093023256 0.06459948320413433 0.011627906976744172
6 0.6950904392764857 0.38905038759689925 0.06287683031869089 0.010174418604651124
6 0.6955211024978467 0.39849806201550386 0.0637381567614126 0.011627906976744241
6 0.6948751076658053 0.40818798449612403 0.06503014642549526 0.011143410852713203
6 0.6959517657192075 0.41824127906976744 0.06459948320413446 0.01235465116279073
6 0.6970284237726098 0.42841569767441856 0.0641688199827734 0.012839147286821699
6 0.6970284237726098 0.43955910852713176 0.0658914728682171 0.014292635658914676
