0 0.48416461238154657 0.2446845787542838 0.6252921744138615 0.03262158323217319
1 0.2169979378029152 0.37440263430277504 0.14007819846824363 0.022028064727783202
8 0.6795610215928819 0.6093759218851725 0.11892259385850694 0.0251739501953125
2 0.3435185185185185 0.3765625 0.1111111111111111 0.020833333333333332
4 0.41203703703703703 0.43307291666666664 0.40925925925925927 0.022395833333333334
4 0.26805555555555555 0.46901041666666665 0.13240740740740742 0.0203125
4 0.2828703703703704 0.5067708333333333 0.15648148148148147 0.021875
4 0.33611111111111114 0.5510416666666667 0.26666666666666666 0.023958333333333335
6 0.7726851851851851 0.4356770833333333 0.06018518518518518 0.019270833333333334
6 0.7699074074074074 0.47161458333333334 0.07685185185185185 0.019270833333333334
6 0.7680555555555556 0.5109375 0.07685185185185185 0.021875
6 0.7662037037037037 0.5544270833333333 0.07314814814814814 0.021354166666666667
