3 0.39247830279652846 0.01978088861838101 0.05400192864030858 0.016433353621424222
7 0.7917348669407366 0.38932220139310864 0.09478569253413181 0.016862318978632974
8 0.7877565176199901 0.40424021099614527 0.10443418091999525 0.016390641851128054
4 0.36012282393544126 0.2843749666314294 0.2525334551421949 0.018003011179805867
5 0.5758429342401326 0.31513278021590796 0.05202253463939499 0.01788555381149161
6 0.7598250689404321 0.31379803739415485 0.09516317312084448 0.01841945094019283
4 0.35960682806340827 0.3159709987079689 0.2561031315028168 0.018344705342174673
5 0.5747855656499009 0.26881720430107525 0.05244548207548772 0.01708470811843974
6 0.7560185420155983 0.26828330717237403 0.0909336987599181 0.01601691386103726
4 0.3440508213639209 0.2995323061152577 0.2220812397435246 0.018120468548120126
5 0.5774755113434502 0.3328368090036411 0.048520529868548 0.019658092278779783
6 0.7603664416586307 0.33140596469872186 0.0935390549662488 0.02251978088861838
4 0.3552589284203758 0.36558605887817536 0.24280566411206408 0.017885553811491574
5 0.5752085130859935 0.28376632390471 0.05159958720330236 0.01815250237584222
6 0.7568475189903398 0.28372895110570096 0.08927574481043483 0.017159453716457863
4 0.3262870290480299 0.2413582585984237 0.18486186536737212 0.019146783782319918
5 0.5733137085722986 0.24219175449274435 0.051159721869765945 0.016945894864977395
6 0.7516875602700096 0.24163116250760802 0.09161041465766634 0.020693852708460133
4 0.36930924224737344 0.26998110004164394 0.2722258877666683 0.0163586080234061
5 0.5766888291123179 0.29924934063704606 0.049484850022839116 0.017618605247140998
6 0.7581163612986177 0.2981655294657825 0.09181342942699082 0.017650639074863056
4 0.32978903381887703 0.3323669795303841 0.1956216481415689 0.018654365676821244
5 0.5737281970596694 0.2568045189052973 0.05033074489502448 0.01601691386103726
6 0.760459490094571 0.2553363018013689 0.07697643336886086 0.01574996529668665
4 0.34395777292798047 0.25620655412115195 0.21972965199884953 0.017212843429327974
5 0.5752085130859935 0.3645182646207728 0.046524217970190615 0.020555039454997755
6 0.7603664416586307 0.36366402921485086 0.0935390549662488 0.02251978088861838
