0 0.38709678213256454 0.20926517571884984 0.46865712938894216 0.040184971623527355
1 0.39035397012409595 0.3474771374082073 0.19952098795160003 0.03358601774673438
2 0.34310420092717375 0.37875676026038474 0.10502144955775573 0.030135177109896428
3 0.6014783154599633 0.4029651730784463 0.09201847249335651 0.036305547487656104
7 0.7939646201873048 0.8222843450479234 0.12070759625390219 0.029552715654952075
8 0.7679500520291364 0.847444089456869 0.13527575442247658 0.03035143769968051
4 0.3022892819979188 0.6922257720979766 0.2941380506416927 0.03088391906283277
4 0.21904266389177937 0.7428115015974441 0.10822060353798121 0.02981895633652816
5 0.5839403399236907 0.6900958466453674 0.05827263267429761 0.03088391906283286
5 0.5915712799167534 0.7438764643237487 0.06520985084980907 0.036208732694355726
6 0.7983003815469996 0.6906283280085197 0.13458203260492535 0.038338658146964855
6 0.7969129379118972 0.7470713525026624 0.12903225806451613 0.038338658146964855
