0 0.48741282587466034 0.2718916971972034 0.47923261350025026 0.04389725217394009
1 0.41493078901119906 0.49771664328140686 0.17667176857661343 0.033990695713564084
2 0.37114051669817266 0.5321413735807256 0.09179849434550458 0.03610495707560231
3 0.35703068869436444 0.564161347669434 0.06529722706190613 0.037836263398323855
7 0.8318741087122342 0.9204167820548325 0.0939541670812191 0.036693436721129784
8 0.8150599767520282 0.953721580199012 0.12446545809729757 0.038570272001458385
4 0.27332272079063447 0.8461417465188832 0.2890922959572846 0.03586048685061704
5 0.5106954531887374 0.8475837718083633 0.06473651046330378 0.03697036831902509
6 0.8307726359725555 0.8425470044229274 0.09619522385702708 0.04122804373923664
4 0.30030990988722817 0.8135411017689139 0.34455976434652674 0.039284453897785135
6 0.8142153858501978 0.8047072580401438 0.12595519321188509 0.03791309400002269
5 0.5098995124863198 0.813711575740792 0.06632839186813912 0.03894350595402918
