0 0.48912675865800864 0.3040533685064935 0.16571969696969693 0.013316761363636354
1 0.46460700757575757 0.35589361810064934 0.06087662337662344 0.009829038149350655
2 0.4506561147186147 0.3636617288961039 0.0329748376623377 0.008243709415584388
3 0.4457944399350649 0.37095424107142855 0.024096996753246724 0.00887784090909094
4 0.4263477408008658 0.42850167410714285 0.11372091450216448 0.008560775162337664
4 0.42127468885281383 0.4367453835227273 0.10188379329004331 0.00919490665584416
5 0.49546807359307365 0.4283431412337662 0.021983225108225108 0.00951197240259738
5 0.49652495941558444 0.4372209821428571 0.024096996753246724 0.010146103896103875
6 0.5954494724025974 0.42786754261363635 0.04354369588744585 0.01046316964285715
6 0.6020021645021645 0.4362697849025974 0.0329748376623377 0.00951197240259738
7 0.6005225243506493 0.4551351968344156 0.030861066017316013 0.01046316964285715
8 0.5958722267316018 0.46353743912337664 0.0418526785714286 0.009511972402597435
