0 0.4373109879032258 0.23174985690462974 0.623109879032258 0.0324680281262244
1 0.2503735697077166 0.4506712632794534 0.28083888208994295 0.027777937150770593
2 0.7076297883064516 0.45367628528225806 0.18327872983870952 0.031218497983870885
3 0.2206393629312515 0.4768064252791866 0.23320044080416355 0.030636141377110626
7 0.7067057092984518 0.857421875 0.17655869325002035 0.03231954574584961
8 0.6897662146049633 0.8862603542051817 0.21380638657954684 0.03228672031770674
4 0.23892536741948267 0.6241586464538909 0.29053348337697704 0.02516419532006242
5 0.5328776041666666 0.626220703125 0.043619791666666664 0.02783203125
6 0.744703525688216 0.6313084463278453 0.11765083792613969 0.026614288489023807
4 0.20768229166666666 0.574462890625 0.22020558516184488 0.028911709785461426
5 0.5341796875 0.576904296875 0.043619791666666664 0.02783203125
6 0.7360026041666666 0.57958984375 0.13490819931030273 0.02942025661468506
4 0.27326617324561403 0.5997978344298246 0.35693073830409344 0.027840597587719396
5 0.5339683845029239 0.602796052631579 0.04568713450292402 0.02698396381578938
6 0.7460423519736841 0.606214021381579 0.11838678728070162 0.027857730263157965
