0 0.5158890979052075 0.1810491217747222 0.22821145156923556 0.027040976964329076
1 0.23416010506629573 0.3629115757632312 0.16546215758743332 0.03122613541551749
2 0.7014847172598382 0.36556417522181445 0.17517391139671995 0.02963719979560557
3 0.24719617479546394 0.39272516193452334 0.1950630771249775 0.029973114098208083
7 0.7524553418657176 0.6043314026693529 0.09138662651427001 0.02780156131956689
8 0.7445571854507627 0.6337287097816592 0.10669701411554224 0.03225218158799741
4 0.2971754136104112 0.551198975777512 0.2965614904197822 0.027777829694976077
5 0.590702210663199 0.5509569377990431 0.046163849154746424 0.03205741626794258
6 0.7428478543563068 0.5516746411483253 0.1033810143042913 0.03062200956937799
4 0.2903120936280884 0.47081339712918663 0.2776332899869961 0.02583732057416268
5 0.5894018205461639 0.47081339712918663 0.046163849154746424 0.031578947368421054
6 0.7428478543563068 0.47129186602870815 0.1033810143042913 0.03062200956937799
