0 0.4354247533296633 0.32868135369599427 0.4493107376475675 0.034709751143975245
1 0.4434672001043682 0.4373259836319149 0.18119487146035826 0.023436547890241913
2 0.39996774731288004 0.45945945945945943 0.08984728896233325 0.021767865680456775
3 0.6300127561189508 0.48005096592610647 0.0802801997492263 0.026389863904973502
7 0.820187938427159 0.8199438774695907 0.11652157239086665 0.022718598736524043
8 0.7946266960327095 0.8439593341101439 0.13759469157798382 0.026077448902175674
4 0.2944489139179405 0.72840790842872 0.16894609814963799 0.022892819979188347
5 0.6190667739340305 0.7263267429760666 0.04907481898632341 0.027055150884495317
6 0.8157683024939663 0.7273673257023934 0.12389380530973451 0.027055150884495317
4 0.34553499597747384 0.7515608740894901 0.27755430410297666 0.025572523738293444
5 0.6198712791633145 0.7515608740894901 0.04746580852775543 0.025494276795005204
6 0.8184066064076475 0.751346636469364 0.12008423642988963 0.026014568158168574
