0 0.3592100190427211 0.061586105844383704 0.619068056659682 0.04693281456779679
1 0.35632727518410917 0.23083902828777372 0.2534963853793663 0.041713416292669586
2 0.2943213296398892 0.27082058343533255 0.12414701709343964 0.039524683802529575
3 0.6232686980609419 0.30715779273765814 0.10641172893723404 0.039524683802529575
7 0.8860718870346598 0.9084302325581395 0.16110397946084723 0.03391472868217054
8 0.834403080872914 0.9457364341085271 0.21052631578947367 0.03391472868217054
4 0.21534073184482247 0.6744165050891019 0.37560579987943404 0.032999851906946466
5 0.6020539152759948 0.6770833333333334 0.057766367137355584 0.036337209302325583
6 0.8838254172015404 0.6785368217054264 0.16321208204629334 0.0423091917999031
4 0.21469832507269374 0.7129360465116279 0.3768749432937172 0.037381194358648256
5 0.6033376123234917 0.7151162790697675 0.057766367137355584 0.03682170542635659
6 0.8857514720520098 0.7165646811788396 0.16193567160923458 0.04084683203882025
4 0.2134423102891797 0.7514530448026435 0.37692934802622174 0.03984489736630935
5 0.6033376123234917 0.7550872093023255 0.057766367137355584 0.036337209302325583
6 0.8867366531234957 0.7558186257532401 0.16133487882601893 0.041815706001695735
4 0.21277277827721963 0.7899709302325582 0.37815864278967176 0.037380957788275194
5 0.618421052631579 0.7943313953488372 0.08536585365853659 0.037306201550387594
6 0.8982670089858793 0.7948158914728682 0.1382633547115693 0.04330763705941134
