0 0.5015615240474703 0.23015021459227467 0.5668332292317301 0.04184549356223176
1 0.41411617738913187 0.37875536480686695 0.2108057464084947 0.030042918454935622
2 0.3626639600249844 0.40525751072961375 0.11102435977514047 0.027253218884120172
3 0.3558593186950464 0.4352371519753494 0.0968945690994411 0.03081324969736988
7 0.7990318550905684 0.6337982832618025 0.11024359775140537 0.028111587982832618
8 0.7990318550905684 0.6629828326180257 0.11024359775140537 0.028111587982832618
4 0.1986258540728329 0.5202789699570816 0.19868659854009701 0.026432256739538626
5 0.509681449094316 0.5213519313304721 0.06683322923173017 0.025965665236051504
6 0.7976264834478451 0.5218884120171674 0.10430980637101811 0.024892703862660945
4 0.2823755985842182 0.5502228458237042 0.36237768061628145 0.025338395510069285
6 0.7976264834478451 0.55 0.10743285446595878 0.024892703862660945
5 0.5100097695350662 0.5496863651370089 0.06726565127564499 0.025310883679982358
