0 0.42725310931878197 0.13283272382982694 0.15107818969437337 0.016991087085729956
1 0.44399383349098176 0.2249045714094575 0.12889852011698963 0.01798561700641255
2 0.433455799931169 0.2403430641255227 0.10775911948923242 0.01518099589118791
3 0.41033434650455924 0.255867903930131 0.06450523471800072 0.016102620087336244
7 0.5645052347180006 0.33743371802869615 0.09726443768996952 0.017506238303181525
8 0.5577504223401946 0.35599880254201716 0.11246268115547683 0.02170482785420647
4 0.29609929078014185 0.2945258889582033 0.14268828098615338 0.018325015595757947
5 0.4774569402228977 0.29205006238303177 0.0501519756838906 0.016258577666874635
6 0.5737926376224248 0.28873596381784156 0.07868963188112116 0.018208047411104135
4 0.3106603329345126 0.3109569894620499 0.17266785152374758 0.01977348208650523
5 0.47821681864235055 0.3079577354959451 0.04863221884498483 0.016414535246412967
6 0.5754812563323202 0.30577432938240795 0.08206686930091181 0.016882407985028082
