0 0.5016375644231632 0.016092389387218627 0.19104328594326606 0.02891590012199494
1 0.2870683222875843 0.15824769116222603 0.3090242088808173 0.02989735537263348
2 0.2688429401121634 0.18144761884073018 0.2757393088747053 0.025124818010130667
3 0.7646517360653627 0.16352143631674032 0.20556766953035166 0.03234043841264035
7 0.7548867193114579 0.7191819994288999 0.2381055604547959 0.026553704871894408
8 0.7558451513990034 0.7416387959866221 0.2322729014948256 0.023172479694218824
4 0.3374477434996924 0.3960310045518518 0.40889318726768686 0.02571374396021937
6 0.8223457263319279 0.39584328714763495 0.10923725565350709 0.025322503583373148
4 0.3383391123748741 0.2670416376479704 0.4106759250180501 0.028134082674703347
6 0.8100804906094289 0.2692307692307692 0.1238022230739747 0.024366937410415672
4 0.2451130701418168 0.3536789297658863 0.22115753162131085 0.0241280458671763
5 0.6036795707167497 0.3536789297658863 0.10885396703717899 0.0241280458671763
6 0.8280950555768494 0.3542761586239847 0.09083940206975853 0.025322503583373148
4 0.33643381140417333 0.631668129645885 0.4109210514587251 0.0266669629662552
6 0.8018397853583749 0.6301958910654563 0.14028363357608278 0.027233635929288104
4 0.3355872221995366 0.2242695818975354 0.40904875436727217 0.028121687992171258
6 0.8156381755461862 0.22718585762064022 0.10578765810655423 0.025322503583373148
4 0.3383391123748741 0.5677445996958561 0.41424140051877667 0.023401454948891797
6 0.8091222690686086 0.5666507405637841 0.12571866615561517 0.025322503583373148
4 0.302606362591031 0.3098416462846766 0.3392104254503641 0.024379272752553152
5 0.6019547719432733 0.3119923554706163 0.10923725565350709 0.024366937410415672
6 0.8093139133767727 0.3119923554706163 0.12226906860866232 0.024366937410415672
4 0.3387847968124649 0.5244191183016182 0.4115672938932317 0.02449591155396521
6 0.8100804906094289 0.5238891543239369 0.1238022230739747 0.025322503583373148
4 0.3313530088156382 0.46153905935055095 0.3936374089689536 0.02533308923159042
5 0.6016160517707042 0.4616662407360082 0.1105297405225204 0.0266669629662552
6 0.8100804906094289 0.459866220735786 0.1238022230739747 0.024366937410415672
5 0.6011703673331134 0.22610806786742074 0.11142110939770199 0.027778086423182465
5 0.6011703673331134 0.26860854009489 0.10785563389697564 0.02833364815164615
5 0.6038444739586583 0.3972210802342248 0.11142110939770199 0.0266669629662552
5 0.6051815272714307 0.5255558395093279 0.11231247827288367 0.0266669629662552
5 0.6051815272714307 0.5680563117367972 0.11052974052252049 0.025000277780864198
5 0.6020617362082951 0.6313903487816531 0.11320384714806525 0.025000277780864305
