0 0.41879786641014394 0.27048125360282493 0.3661200429293861 0.026997075584441397
1 0.3596890594999669 0.47734223829565336 0.13340328039163507 0.01907693149213532
2 0.32705073880921337 0.49385593220338986 0.06830182529335065 0.0178292046936115
3 0.3161723163841808 0.5119275586701434 0.048772272924815334 0.01835479139504562
7 0.6591699261190785 0.7533409387222947 0.07116471099521944 0.0195567144719687
8 0.654821953075132 0.7721185184364369 0.08093899524196341 0.023702486677306484
4 0.2067416264460637 0.7078126173753004 0.1699363512870593 0.022396967961237982
5 0.4217948717948718 0.70625 0.04294871794871795 0.019230769230769232
6 0.6557150372004105 0.7111878794206323 0.08163867935518866 0.022440947889504497
4 0.24423076923076922 0.6348557692307693 0.23333333333333334 0.020192307692307693
5 0.42259615384615384 0.634375 0.04455128205128205 0.019230769230769232
6 0.65625 0.6395432692307692 0.08381488506610577 0.023901954064002404
4 0.20197449360449174 0.670979468732334 0.15959870472310783 0.021065847503781425
5 0.4209582790091264 0.670021186440678 0.04997827031725334 0.01914928292046931
6 0.6625755910197842 0.6757246213910477 0.07304525429246106 0.023224811976705093
