0 0.3857466515257696 0.11011749850398712 0.47882665478931014 0.0608954485060329
1 0.42487928532229435 0.22999208128542042 0.18788352827884738 0.035881566171600196
2 0.3786306472407276 0.25165609684341206 0.09593451971714471 0.02710863810387067
3 0.37203229346889555 0.27475697492561585 0.08654596790674719 0.026568982396083945
7 0.814066852367688 0.7114155251141553 0.08147632311977716 0.021004566210045664
8 0.8058838232951215 0.7303853639096342 0.09590381317035299 0.021149548621555925
4 0.2945788869618705 0.6536531352561359 0.31835007733953363 0.02654377140410959
5 0.5719011142061281 0.6514840182648401 0.05327298050139276 0.02214611872146119
6 0.7813370473537604 0.6510273972602739 0.10109955089005919 0.023605054045376713
4 0.2860487138328446 0.6765983964754566 0.2978114922398644 0.026789695704908675
5 0.5710306406685237 0.6734018264840183 0.05501392757660167 0.02214611872146119
6 0.780466573816156 0.6723744292237442 0.0993511231828865 0.024748501712328768
