0 0.3104477062442656 0.1310157840498284 0.3384093837086095 0.027781205955432136
2 0.7413320181977843 0.23870590270272357 0.1849486662775252 0.02935558385865154
1 0.2802059297285824 0.24351084454459435 0.2749840805762489 0.023181727887007692
3 0.2560529382891241 0.26653299703226463 0.2285915311233293 0.02605570486748306
6 0.7794043418088573 0.30485945647211143 0.11769054523170465 0.026365567707598108
5 0.578971120581932 0.3083072879905421 0.06119900435130916 0.024093963950451724
4 0.31731489684684144 0.3094183277235672 0.3457490885915932 0.024342171288290512
6 0.7800365986268213 0.3283558893446058 0.11718744650731266 0.0262913329664561
5 0.5793256968599365 0.33131759359229424 0.061555961053900085 0.023416580553447912
4 0.3172770975766529 0.3326809935351673 0.3447828635534208 0.023225617368365332
7 0.7485467374168082 0.3735015886372459 0.1852763624801435 0.025952382790443252
8 0.7325131335245947 0.3976071151483537 0.21725391652059597 0.026171261546707368
