0 0.4474659244717056 0.08684978912053952 0.2526531242229573 0.03638539492528944
1 0.19599359463422728 0.27403846153846156 0.16833025614420574 0.02985411423903245
2 0.6895833137707833 0.27716346153846155 0.1785867153069912 0.029851355919471155
3 0.21144612956250833 0.30557411652815175 0.20280678903954663 0.02929418966379864
7 0.7487179487179487 0.5026442307692308 0.08846153846153847 0.028365384615384615
8 0.7421474358974359 0.5317307692307692 0.10416666666666667 0.028365384615384615
4 0.23573717948717948 0.44939903846153845 0.2503205128205128 0.024278846153846154
5 0.590224358974359 0.446875 0.058653846153846154 0.03173076923076923
6 0.7456730769230769 0.44579326923076923 0.08557692307692308 0.02956730769230769
4 0.27646285338593024 0.3913954635108481 0.33448389217619984 0.029585798816568053
5 0.5768408941485863 0.39139546351084814 0.04109138724523339 0.028353057199211006
6 0.7338099934253781 0.39108727810650884 0.10519395134779756 0.028969428007889556
