0 0.4316635900364691 0.06448828152247837 0.17330285655709846 0.024869590801197078
1 0.2620192307692308 0.19014423076923076 0.1125 0.020192307692307693
2 0.5887820512820513 0.19375 0.11794871794871795 0.021153846153846155
3 0.2726173197871311 0.2106313497822932 0.13304305757135942 0.020410014513788093
7 0.6230980890179003 0.36575426342525397 0.06222181906144168 0.01948929608127722
8 0.6162349152807227 0.3862310653155013 0.07281816147581416 0.022371419455385677
4 0.2969657017634465 0.3245200670682467 0.1856841062888121 0.024596316997821513
5 0.5121794871794871 0.32764423076923077 0.03012820512820513 0.022115384615384617
6 0.6221153846153846 0.32860576923076923 0.06025641025641026 0.022115384615384617
4 0.30753204150077623 0.2859375 0.20677374815329527 0.022389690692608172
5 0.5134615384615384 0.2890625 0.03012820512820513 0.02235576923076923
6 0.6171474358974359 0.2901442307692308 0.07019230769230769 0.022115384615384617
