0 0.486697573675013 0.11601147972685388 0.4508232934889135 0.028355349173113772
1 0.27479887986117124 0.26040960708150884 0.14693165617966586 0.030054442444990635
2 0.6914128438257444 0.2677913379185944 0.14631280027268007 0.027583533852445472
3 0.2890581801987751 0.2890504516413307 0.1726584648491603 0.028715487906890283
7 0.7466759002770084 0.6719541749283984 0.07174515235457064 0.02511566424322538
8 0.73891647695127 0.6989299005899762 0.09042980826603926 0.028288186104849157
4 0.2995919098153999 0.39579111029067526 0.18536228169364613 0.025370885055215908
5 0.5976454293628809 0.3963428067856356 0.03407202216066482 0.025996915620180656
6 0.7265927977839335 0.3927076448556951 0.08990948537049862 0.0325181973245759
4 0.35623933998171314 0.6291029771063973 0.27325228112556266 0.034249342073556954
5 0.6041551246537397 0.6213923771755894 0.033795013850415515 0.026217228464419477
6 0.7362879533846953 0.6202890379729842 0.09097328925727147 0.03115006316782331
4 0.3059556786703601 0.5521039876624807 0.18321096996191136 0.030049251969046044
5 0.6015235457063712 0.5463758537122714 0.03407202216066482 0.025996915620180656
6 0.7331024930747922 0.5437320995814056 0.08614958448753463 0.02511566424322538
4 0.32192322912544524 0.4748213892298492 0.23268698060941828 0.02580807603940457
5 0.5989315393747527 0.47230352815283405 0.037989711119904956 0.02706700657791202
6 0.7295211713494262 0.4713593302489535 0.09339137316976658 0.026437541308658295
