0 0.42470510054918253 0.027302323750043038 0.39385998833333985 0.01732392624331087
2 0.3933083925792716 0.10061092788894443 0.08199234073480491 0.01229291343638535
3 0.595417261369538 0.11466220530071876 0.0626014310817047 0.012781699010613738
7 0.7541176470588236 0.32552581261950286 0.10235294117647059 0.013862332695984704
8 0.7362911266201397 0.33836730725605213 0.11964107676969099 0.01336811744498815
4 0.343639997822694 0.2766703044301542 0.24093535829279744 0.015233782687800524
5 0.5840428713858425 0.2789581780471206 0.04128614157527422 0.013088602262047517
6 0.7605882352941177 0.2786806883365201 0.08941176470588236 0.013862332695984704
1 0.431761473308328 0.08865968003839143 0.16011641567031473 0.01341168475801283
4 0.3349950149551347 0.2895534238584438 0.22432701894317053 0.012963022976958219
5 0.5837487537387837 0.29117380173056356 0.04187437686939187 0.012152834040898357
6 0.7612163509471586 0.29137634896457854 0.08973080757726808 0.012557928508928288
