0 0.4944203160815539 0.15885416666666669 0.3561949571721559 0.03822958839406203
2 0.7678248280854144 0.35159412955465585 0.20304017372421282 0.030617408906882592
3 0.21498371335504887 0.3796811740890688 0.23169435714406894 0.03522809603918902
7 0.8259138617444807 0.7526568825910931 0.09916757148027507 0.0326417004048583
8 0.818494390155628 0.784919028340081 0.11400651465798045 0.03289473684210526
4 0.2282844733984799 0.504396508097166 0.250271444082519 0.031060222672064777
5 0.6331885631559898 0.5031629554655871 0.04668838219326819 0.031629554655870445
6 0.8132464712269273 0.5046811740890689 0.11509229098805646 0.030617408906882592
1 0.20186391603329715 0.3472292510121458 0.2072023163228375 0.031629554655870445
4 0.22267462902642055 0.597419028340081 0.23615635179153094 0.028466599190283402
4 0.18874411871154542 0.692623987854251 0.17734346724574734 0.030364372469635626
5 0.6316503800217155 0.5961538461538461 0.05338400289540355 0.03226214574898786
5 0.6339124140427072 0.6919913967611336 0.05066956207021354 0.02909919028340081
6 0.822566051393413 0.5961538461538461 0.1094824466159971 0.03352732793522267
6 0.8139703221136446 0.6900936234817814 0.11943539630836048 0.030364372469635626
