0 0.35908076806819483 0.03496180471483172 0.49703992906507555 0.03292666529561145
2 0.3177549194991055 0.2087432915921288 0.09913536076326776 0.028510733452593914
3 0.5767740011926058 0.23697450805008946 0.08199165175909363 0.029069767441860524
8 0.7320699165175909 0.8797769454382827 0.15899672033392956 0.024770796064400823
4 0.19536090753017327 0.7203126760629507 0.1388968247633714 0.029170813927283653
5 0.5610576923076923 0.7161057692307692 0.04583333333333333 0.028365384615384615
6 0.7690707084460137 0.7165848658635066 0.11900955591446315 0.027953925499549278
4 0.2698718046530699 0.7463942307692307 0.28789021418644833 0.0288970947265625
5 0.5618589743589744 0.74375 0.04423076923076923 0.029326923076923077
6 0.7692306127303686 0.7443526047926683 0.12188219901842949 0.031077458308293268
4 0.2591259149404673 0.7749998826246995 0.26639798482259114 0.02792534461388221
5 0.5618589743589744 0.7723557692307692 0.04423076923076923 0.028365384615384615
6 0.7684292133037861 0.7724776928241436 0.117759274213742 0.029189887413611778
4 0.2108974358974359 0.6631009615384615 0.17243589743589743 0.024278846153846154
5 0.5610576923076923 0.6609375 0.04583333333333333 0.02860576923076923
6 0.7705128205128206 0.6620192307692307 0.12115384615384615 0.028365384615384615
1 0.36694991055456166 0.17995304114490157 0.20050685748360167 0.026833631484794267
7 0.7661401098901099 0.8537087912087913 0.12477106227106224 0.026614010989011005
