0 0.542072887650882 0.1341331603977518 0.24518337975858862 0.044314742758322534
1 0.18927879375075693 0.39744544070377263 0.18914254571878403 0.03068854677719507
2 0.7656685236768802 0.3948119325551232 0.1999219294045961 0.03428241022211414
3 0.20456128133704735 0.43073929961089497 0.22527855153203344 0.030869001297016863
4 0.13126049732431397 0.6692609220472601 0.09640516743354478 0.0412083409330415
5 0.6286559888579387 0.6687418936446173 0.0504874651810585 0.0357976653696498
6 0.818064230066156 0.6687420836373217 0.12728703320856546 0.04113038059338522
4 0.18680362116991645 0.5671854734111543 0.20090529247910863 0.030869001297016863
5 0.6277855153203342 0.5651102464332036 0.04874651810584958 0.03501945525291829
6 0.8196378830083565 0.566147859922179 0.12256267409470752 0.032944228274967575
7 0.8250575269468329 0.7407094118310494 0.1135400266440597 0.03665482433880337
8 0.8201374591255903 0.7745446342976371 0.1279217633523071 0.03552698358991712
