0 0.4439102564102564 0.12412587412587416 0.2797202797202798 0.039335664335664336
1 0.1095886752136752 0.35777744391025645 0.1918803418803419 0.030538862179487144
2 0.6751726525461571 0.3498187236296825 0.2132230709760617 0.0374418796637119
3 0.12564102564102564 0.39122596153846156 0.22628205128205128 0.030528846153846153
7 0.7377958579881657 0.6509677021696252 0.10708415516107819 0.03558925049309658
4 0.19743581735170804 0.48689849560077375 0.36157054778857106 0.028626104501577525
5 0.5399038461538461 0.484375 0.04583333333333333 0.03173076923076923
6 0.7237179487179487 0.48233173076923075 0.12115384615384615 0.03581730769230769
4 0.2037310979618672 0.5843195266272189 0.37310979618671924 0.030818540433925096
5 0.540680473372781 0.5837031558185404 0.04766600920447075 0.029585798816568105
6 0.7247698882314267 0.5833949704142012 0.12327416173570024 0.03143491124260359
8 0.7268244575936883 0.6857125246548323 0.13067061143984218 0.03883136094674554
