0 0.4367326044253575 0.16706864793685605 0.4417152111433695 0.03427908312086012
1 0.4407427245362628 0.2730142056668744 0.17674436459207069 0.024405927279431385
2 0.3996736672600851 0.2913926153757468 0.09251158295986532 0.022058760324196514
3 0.6296306566104692 0.31601935820448224 0.07902617568766432 0.02275477017682123
7 0.8036268855368235 0.6823156586118481 0.1081410825199645 0.02053479259859472
8 0.7795862910381544 0.7034304203527544 0.13215394853593612 0.02280471967233137
4 0.33588417208924587 0.5979055950524158 0.2806696989098374 0.023520583853235896
5 0.6118197278911565 0.5979065611437324 0.04081632653061224 0.021444983405667604
6 0.8003826530612245 0.5979065611437324 0.10841836734693877 0.021444983405667604
4 0.3271685489991895 0.6198631678121809 0.2666390866649394 0.023522329050453154
5 0.6118197278911565 0.619223895838652 0.04081632653061224 0.02221087567015573
6 0.8020833333333334 0.6187133009956599 0.10841836734693877 0.02118968598417156
