0 0.38091080793727466 0.20036798520331367 0.46968717261194354 0.044130628715291026
1 0.40064483854980754 0.333061841805615 0.19576116635915566 0.02781417522024608
2 0.3505558996108374 0.35939318340731496 0.09634235530522482 0.02584987922667433
3 0.5954964710281538 0.38429696112353684 0.08322297181496675 0.027338099698597358
7 0.7946084503165428 0.7889455279747833 0.12472474538948533 0.027703900709219857
8 0.7670829892650702 0.8154181442080378 0.1453688411780898 0.02893518518518514
4 0.2925268310244471 0.6499704491725768 0.29201750121364706 0.030517000960401892
5 0.5922791081750619 0.6484929078014184 0.06647398843930635 0.026891252955082743
6 0.790542648739635 0.6527119569650686 0.12347450749853768 0.02981319683005807
4 0.29252683732452517 0.6776004728132388 0.2920222262721924 0.029630476137706856
5 0.5937241948802643 0.6759751773049646 0.06688687035507845 0.028073286052009455
6 0.7922168566837411 0.6803017474235372 0.1268229233867499 0.030816260804521278
4 0.29038337436616174 0.7059041437339934 0.29298805343917733 0.03153838991085491
5 0.5945499587118084 0.7041962174940898 0.06523534269199009 0.027777777777777776
6 0.801667091375929 0.7080545027111346 0.10787588382535095 0.029682685485310733
