0 0.4841782477818335 0.14308120128545576 0.34227322080375444 0.016846290718955288
1 0.4318189983073242 0.20913915708059005 0.13167816263593715 0.01321022754865366
2 0.3997708949355367 0.22196548367626417 0.06974729836772316 0.012939862700100859
3 0.3930252892117299 0.2347392588602029 0.057437692127883896 0.012774600675019161
7 0.7423498632515025 0.33759959478174645 0.07275920800510963 0.014261716278831164
8 0.7367570953636526 0.35155889342930907 0.08394474378080936 0.013272180142595864
4 0.31059718969555034 0.273380195599022 0.14695550351288056 0.014364303178484108
5 0.5620322300650169 0.2738332877391557 0.040344901000638755 0.012705814967428656
6 0.7345052488495112 0.27297732829517674 0.08271646386400473 0.013990288440166193
4 0.34166016133229254 0.2862163814180929 0.21259432734842576 0.014975550122249354
5 0.5621796236550335 0.2871514182638877 0.04086896709847532 0.013426060492075176
6 0.7397459098278769 0.2862195872587071 0.0738728484630124 0.01315249542633405
4 0.3098978662503253 0.30097969301820154 0.14835415040333075 0.015400027166530876
5 0.5625870031607736 0.29996516319865957 0.04414847447634329 0.012590404705319119
6 0.7350620690784625 0.29900341101441347 0.0840593832397111 0.013231572828149827
4 0.309540072859745 0.3133659331703341 0.1443858964350768 0.01385493072534642
5 0.5633875979197384 0.3129677530952308 0.04336613823628346 0.013514286071066695
6 0.7345390305455302 0.31241026261722443 0.08592431358344525 0.012919485366197518
