0 0.4901228961516791 0.1814162636153247 0.6771401319039116 0.05374308987323202
1 0.28266500313735793 0.46027095108982274 0.2865575157962323 0.02858108988478216
2 0.767062119686556 0.45959465915506936 0.18600884297158862 0.029933673754288927
3 0.2559938128383604 0.49227227885563957 0.23433874709976799 0.03156856297270635
8 0.75 0.7421900690562315 0.220030935808198 0.03156856297270635
4 0.29221570430036914 0.5846092456686196 0.2981000744210481 0.02932592987475023
5 0.5866202629543696 0.5869779677737587 0.04717710750193349 0.03551463334429464
6 0.8030995184969307 0.5828932929558077 0.11831175405810179 0.03399873793294896
4 0.3221175497956528 0.6165713161799792 0.35649451852657155 0.03365143364365268
5 0.5860402165506574 0.6182176915488327 0.0460170146945089 0.033541598158500496
6 0.8114361861458744 0.6180681447558001 0.10265465424537414 0.03262825776931084
7 0.7677698492608969 0.7112636731958827 0.18751185629441552 0.03412482239581069
