0 0.47671607135336996 0.1206171009090397 0.4093300950554979 0.048538525454647895
1 0.3145833333333333 0.35889423076923077 0.1580128205128205 0.03461538461538462
2 0.3174679487179487 0.39014423076923077 0.1580128205128205 0.03461538461538462
3 0.6264423076923077 0.3551682692307692 0.2087486853966346 0.03827673105093149
7 0.6697115384615384 0.6631009615384615 0.12980769230769232 0.036778846153846155
8 0.6583760106286337 0.6979314486754388 0.1557502323485018 0.03640404225248768
4 0.31273106738223017 0.509685263864043 0.1591532498509243 0.03111024150268334
5 0.5817307692307693 0.5078125 0.05 0.02860576923076923
6 0.6833333333333333 0.5067307692307692 0.10256410256410256 0.032692307692307694
4 0.3518483033973544 0.5397346312330106 0.2373877218811727 0.029715237421298467
5 0.5823717948717949 0.5375 0.05128205128205128 0.03365384615384615
6 0.6913685152057246 0.5374440966010734 0.08905784138342279 0.03184257602862251
4 0.3822301729278473 0.5712768336314848 0.2981514609421586 0.0324239713774597
5 0.5842277877161598 0.5718358676207514 0.05366726296958852 0.03354203935599287
6 0.6923076923076923 0.5695997316636852 0.0909361955873584 0.030187835420393473
