0 0.5182562044097171 0.031192639039439835 0.5238370487336473 0.046474832191667814
1 0.3186295258806371 0.27350853550977755 0.1907171945770973 0.03507759585647332
2 0.31784166994879876 0.304184297132111 0.19141394249704607 0.03149976492712741
3 0.7032296179598267 0.2723319228960978 0.2540370224497834 0.03455571227080395
7 0.752461599054746 0.5749882463563705 0.16187475384009453 0.035731076633756464
8 0.7412367073651044 0.608368594264222 0.19141394249704607 0.035731076633756464
4 0.3851920182664067 0.48185230396560336 0.35688260691801643 0.03269989343669194
5 0.6474280297132179 0.4822465313084266 0.06785769896589942 0.03046653764992726
6 0.7829854273335959 0.481781852374236 0.11500590783773139 0.03267512929007992
4 0.3596842741603085 0.39021276828374934 0.291622777691272 0.029755852221165273
5 0.6484836549822764 0.3901034320639398 0.06498621504529342 0.03267512929007992
6 0.7829854273335959 0.39057357780912083 0.10791650256006302 0.03361542078044194
4 0.40502349395935044 0.450435158154842 0.3932925433012447 0.030674276467565438
6 0.7735328869633714 0.42089797837329573 0.12367073651043718 0.03361542078044194
4 0.40835752951629006 0.42014629186210517 0.39212013519330996 0.031117088157794067
6 0.7743205986608901 0.4515749882463564 0.1252461599054746 0.03244005641748942
5 0.6479249292433389 0.4212177868162386 0.068695787574306 0.03006746044762249
5 0.6488408730776629 0.4512852472638611 0.0668638999056578 0.02897409824952716
