0 0.5555325979864045 0.023302038254467097 0.7328595625426967 0.04513904275712085
1 0.2895271987798678 0.3021324076369948 0.25063548551093034 0.03595338457723779
2 0.29486527707168275 0.3343664765683114 0.2491103202846975 0.03595338457723779
3 0.7874932727900992 0.3063486308753564 0.32868700749872903 0.04748774272408877
7 0.808487775569626 0.6061244730969502 0.18026990802791523 0.029506570790974462
8 0.788279336322041 0.6341207763226112 0.2137542173129362 0.028740166354845276
4 0.4144039924052997 0.492366547412419 0.4710374236120478 0.0333979364123532
4 0.360447381799695 0.4297049342920903 0.3589222165734621 0.03074634267294818
5 0.705030734390165 0.4343371728692829 0.0775292323335028 0.0315803710299124
6 0.8614526043351668 0.4346865631269301 0.12980080417802833 0.02975452516736926
4 0.41416632563293093 0.46257210796792936 0.4720786811739403 0.034844964236807656
5 0.7027776493968665 0.4619615445303519 0.07510283310995056 0.03043076437571851
5 0.7016222211951749 0.4946464396005681 0.07972454591671682 0.028176633681220864
5 0.6975782224892545 0.5242319049658499 0.07394740490825902 0.0298672317020941
6 0.8483616028100013 0.46534274057209846 0.14905023801820957 0.03043076437571851
6 0.8443176041040809 0.4952099722741924 0.14558395341313485 0.03043076437571851
6 0.8547164579193048 0.5242319049658499 0.1317188149928364 0.027613101007596452
4 0.394690972474399 0.5214632344383328 0.42746127429110947 0.033903965751934315
