0 0.4155384087116836 0.15509843234703158 0.5494744276811919 0.029288380989626987
1 0.3852477587045433 0.2881488950698445 0.16854238992853263 0.021833672238768493
2 0.3430595581171951 0.3090958260060311 0.0848112022463608 0.019824507333345398
3 0.33772135594815544 0.3312148003562712 0.07701424517159736 0.025140273046348572
7 0.78085771503932 0.6117753268593935 0.10501636301470223 0.021171460870746207
8 0.775036023054755 0.6323356115955692 0.11635446685878963 0.02121140702333255
4 0.3070263273579837 0.43602823394064805 0.3151223562741171 0.019541657845224623
5 0.5458194939676647 0.4361660481670708 0.054895472085185325 0.019266029392379088
6 0.7476585014409222 0.43495168512844684 0.11419308357348704 0.020032995522036294
4 0.29753849348348566 0.4754882208333947 0.2990152320532016 0.022417121076257953
5 0.5437680115273775 0.4744284704218713 0.05367435158501441 0.02215413622436955
6 0.7593659942363112 0.47501767617251944 0.08789625360230548 0.020975724723073297
