0 0.46489710225175346 0.07748599842781022 0.252468623108158 0.017553035314594734
1 0.48318106312292364 0.16682172532161305 0.09323089700996681 0.012190818388887118
2 0.47549833887043186 0.1806165987616695 0.08098006644518266 0.014115684450290341
3 0.4586274916943521 0.19473228321195982 0.048276578073089715 0.013474062429822591
7 0.5863008720930233 0.4656411408039524 0.06795058139534883 0.01684257803727824
8 0.5748546511627907 0.4822591511340669 0.09084302325581395 0.01684257803727824
4 0.40214776200709546 0.3250882899939798 0.15396859558713788 0.017110321298492537
5 0.5129256644518272 0.3243078502454204 0.03623338870431888 0.01546309069327255
6 0.5895712209302325 0.32393891758365145 0.04469476744186047 0.014596900965641141
4 0.37663517441860467 0.2808219178082192 0.09920058139534883 0.0136986301369863
5 0.5121729651162791 0.2796990792724006 0.031613372093023256 0.0159443072086234
6 0.5813953488372093 0.27812710532225465 0.05450581395348837 0.01684257803727824
4 0.39813702922326777 0.43796164163943946 0.12980567577273347 0.018497813253153965
5 0.5214389534883721 0.43588591960476086 0.03343023255813953 0.01571973950145969
6 0.5961119186046512 0.43487536492252415 0.05123546511627907 0.01774084886593308
4 0.39484180564500165 0.3908038858170956 0.1291286810688006 0.01721164384814809
5 0.5190770348837209 0.390074107343364 0.031613372093023256 0.01571973950145969
6 0.5930232558139535 0.38906355266112735 0.04796511627906977 0.01774084886593308
4 0.4029796511627907 0.3411183471816753 0.15194515849268714 0.017992774797187288
5 0.5142483061730267 0.3407431878413629 0.03670272320211914 0.015956760565710056
6 0.5872093023255814 0.33965865708511117 0.053052325581395346 0.01684257803727824
4 0.39226017441860467 0.24949472265888165 0.13699127906976744 0.01571973950145969
5 0.510719476744186 0.24792274870873568 0.031613372093023256 0.01661801033011453
6 0.5813953488372093 0.24792274870873568 0.05450581395348837 0.01661801033011453
4 0.40963620759323977 0.4064130273675602 0.15975582401617822 0.01614959570920282
5 0.5190770348837209 0.40523242757691447 0.031613372093023256 0.014596900965641141
6 0.5911065858859952 0.40524780825614654 0.055328356467212084 0.01719678989109463
4 0.3773619186046512 0.3109139905681563 0.10065406976744186 0.0136986301369863
5 0.5130813953488372 0.3088928812036829 0.036196686500726744 0.019454328981164382
6 0.5837572674418605 0.30833146193577365 0.056322674418604654 0.01661801033011453
4 0.399513699287592 0.21827972912397542 0.1617284153783044 0.017991212253326408
5 0.5058139534883721 0.2177183920952167 0.03488372093023256 0.014596900965641141
6 0.578125 0.21715697282730742 0.05450581395348837 0.01796541657309679
4 0.4087277773606816 0.3739148857373941 0.16053447850122796 0.01634205490229296
5 0.5172601744186046 0.37233325847743093 0.0279796511627907 0.01571973950145969
6 0.5921148255813954 0.37188412306310353 0.04324127906976744 0.01482146867280485
4 0.4082745016611295 0.35866670944146795 0.15832641196013286 0.01475730647075804
5 0.5159883720930233 0.3583458984312341 0.035299003322259125 0.014757306470758092
6 0.5907392026578072 0.35690224888518174 0.044642857142857074 0.01636136152192744
