0 0.49758881046204706 0.1242003071028153 0.5870232850178193 0.03826438870594078
1 0.5275248128320261 0.30229795746982707 0.2122571929435617 0.025387307779961482
2 0.5090463826855183 0.3288692403176169 0.17530033265054612 0.028617220618041717
3 0.4673844127822742 0.3592273143174575 0.09464092788269378 0.02832901512522355
7 0.7657074340527578 0.9276266533566259 0.15683453237410072 0.02645370601447467
8 0.7354916067146283 0.9520838532568006 0.2144914146807554 0.028007870991390068
4 0.3270850238754309 0.6271531533683242 0.3473767616765962 0.030025458377526827
5 0.596642685851319 0.6239081607187422 0.06906474820143885 0.027451959071624656
6 0.7752885191846522 0.6219147924238052 0.10814937893435252 0.03257684062655977
4 0.26833316061994156 0.5333151725690979 0.23469551507231715 0.03254400014817819
5 0.5928057553956835 0.5290741202894934 0.06906474820143885 0.027451959071624656
6 0.761630695443645 0.5270776141751934 0.11798561151079137 0.029448465185924633
4 0.30550381960056955 0.8614933327126747 0.2964738365557554 0.029986403188950586
5 0.6074340527577937 0.8593711005739955 0.07146282973621103 0.02969802845021213
6 0.7928057553956834 0.8598702271025706 0.10647482014388489 0.030696281507362116
4 0.30287740510716427 0.7645360243597142 0.2989418816509293 0.03226823761542301
5 0.6014388489208633 0.761916645869728 0.07098321342925659 0.028450212128774643
6 0.7863412687818495 0.7599229424678687 0.11005947195368705 0.03357271747098827
4 0.32709800665327116 0.6588461342552876 0.3473547773109637 0.02902750996303344
5 0.596642685851319 0.655228350386823 0.06906474820143885 0.027701522335912155
6 0.7695443645083933 0.6542300973296731 0.1223021582733813 0.02969802845021213
4 0.34172663334176406 0.7958572498128276 0.3765979501555006 0.029992191399426004
5 0.6007194244604317 0.7942350885949588 0.07875227162020383 0.03250853974294984
6 0.7803357314148681 0.7932368355378089 0.1237410071942446 0.028699775393062142
4 0.3369440677926409 0.6947843105619853 0.36704072289043765 0.03001948738145745
5 0.596642685851319 0.6916645869727976 0.06906474820143885 0.027701522335912155
6 0.781294964028777 0.6906663339156476 0.10647482014388489 0.02969802845021213
4 0.2685851318944844 0.5963314200149737 0.2303753676746103 0.029298946570064887
5 0.5947242206235012 0.59121537309708 0.06906474820143885 0.028450212128774643
6 0.7654676258992805 0.5890940853506363 0.12182254196642686 0.028699775393062142
4 0.32927018492627774 0.4072874301027889 0.36320371925116157 0.03002027945236461
5 0.5829736211031175 0.4046668330421762 0.0657074340527578 0.024207636635887198
6 0.753956834532374 0.4015472922385825 0.12182254196642686 0.028450212128774643
4 0.3388486354471111 0.7269769663343056 0.37085099986417114 0.030020766880615172
5 0.5995203836930456 0.7244821562266034 0.06330935251798561 0.024457199900174694
6 0.7832134292565948 0.7228599950087348 0.11249110086930456 0.03681972076210382
4 0.314148681055156 0.4719241327676566 0.3343991473487877 0.027729251587499705
5 0.5859312549960033 0.4688045919640629 0.07593924860111907 0.0270360202978122
6 0.7591260325073275 0.4670715137398442 0.1265654143351984 0.029115714166874654
