0 0.4798747763864043 0.0145069320214669 0.19230769230769232 0.0290138640429338
1 0.25772907095575304 0.1631072800146659 0.12377859034848193 0.02810118236780595
2 0.6455128205128206 0.15060096153846153 0.1467948717948718 0.024278846153846154
7 0.689003710897465 0.652997795882933 0.07518279883715119 0.02551156386919659
8 0.6762628181107213 0.6784515640176899 0.09760613711589711 0.025395972400317227
4 0.27275641025641023 0.2546875 0.14807692307692308 0.019951923076923075
5 0.551923076923077 0.24891826923076923 0.035897435897435895 0.025240384615384616
6 0.6761217948717949 0.24423076189481296 0.08634361853966346 0.028938425504244292
4 0.27708334311460836 0.6109375 0.1997523185534355 0.026737154447115385
5 0.5610576923076923 0.6084134615384615 0.0483974358974359 0.027403846153846154
6 0.6895835680839343 0.6087713388296274 0.07675922100360577 0.02920673076923077
4 0.3075320512820513 0.475 0.2497891157101362 0.027942892221304087
5 0.5567307692307693 0.4729567307692308 0.03717948717948718 0.025240384615384616
6 0.6881410256410256 0.47139423076923076 0.08717948717948718 0.028365384615384615
4 0.32035256410256413 0.3421875 0.25231315417167466 0.028660994309645433
5 0.5546474358974359 0.3401442307692308 0.033012820512820513 0.022115384615384617
6 0.6782051282051282 0.33641826923076923 0.08141025641025641 0.025240384615384616
4 0.288301282051282 0.5667067307692307 0.23115954276842948 0.027691063514122597
5 0.5567307692307693 0.5635817307692308 0.03717948717948718 0.025240384615384616
6 0.686698717948718 0.5635817307692308 0.0842948717948718 0.025240384615384616
4 0.3145833235520583 0.43016826923076923 0.2548485584748097 0.023344714824969953
5 0.55625 0.4296875 0.033012820512820513 0.02235576923076923
6 0.6831646259014423 0.4250001760629507 0.08380236503405449 0.02798907940204327
4 0.3139422979110327 0.29735576923076923 0.2420239766438802 0.024535252497746393
5 0.5533653846153846 0.2953125 0.033012820512820513 0.024278846153846154
6 0.6767628205128206 0.2901442307692308 0.0842948717948718 0.028365384615384615
4 0.3031959240253155 0.5192307398869441 0.2519414852827023 0.02453466562124399
5 0.5560897435897436 0.5182692307692308 0.035897435897435895 0.026442307692307692
6 0.6889423076923077 0.5171875 0.08557692307692308 0.02860576923076923
3 0.27228682170542634 0.1902951699463327 0.1468395945140131 0.028510733452593914
4 0.32110912343470477 0.38791368515205726 0.251937984496124 0.02347942754919501
5 0.5547853309481215 0.38400044722719145 0.03354203935599287 0.024597495527728067
6 0.6826177698270721 0.38092576028622543 0.07751937984496139 0.02403846153846154
