0 0.552689961175818 0.14347079037800683 0.25097060454797554 0.03651202749140892
1 0.2487510373270948 0.34748275327494 0.16680011176026585 0.028311758778389307
2 0.7551164725457571 0.34590850515463917 0.19068219633943428 0.031121134020618616
3 0.25963217224143387 0.37808609488383893 0.19823900359553817 0.03198471241990081
7 0.8138103161397671 0.6619845360824742 0.09550748752079867 0.0327319587628866
8 0.8069883527454242 0.6952319587628866 0.10915141430948419 0.0327319587628866
4 0.3102507779536408 0.5942739761502173 0.34699164647898506 0.03083851991480306
5 0.6344425956738768 0.5952319587628866 0.04692179700499168 0.03479381443298969
6 0.802329329047941 0.5963937975696681 0.11123136244280366 0.03565050891994201
4 0.30656223367558133 0.5291461502393646 0.32677245241670383 0.030342348754361023
5 0.6337770382695508 0.5302835051546392 0.042928452579034944 0.03170103092783505
6 0.8091515767990849 0.5322141195080944 0.09564186642054909 0.03669518539586018
4 0.3211314475873544 0.46818621134020627 0.3369384359400998 0.029800257731958765
5 0.6310316139767055 0.46858891752577325 0.04991680532445923 0.030605670103092782
6 0.8000207986688852 0.4701997422680413 0.10919301164725458 0.035438144329896906
