0 0.48313953488372097 0.13998211091234344 0.21046511627906977 0.02627459749552774
1 0.17788440999444924 0.2788145588513556 0.17630665170921475 0.02192458331325403
2 0.683 0.28701923076923075 0.188 0.020192307692307693
3 0.19284136685114295 0.2988216964735943 0.20657821928780035 0.023729697505690695
7 0.7419811320754717 0.7206549346879535 0.10283018867924534 0.019049346879535498
8 0.7254716981132076 0.7403846153846154 0.13018867924528296 0.021317126269956407
4 0.25225 0.546875 0.3265 0.016826923076923076
5 0.56375 0.5463942307692308 0.0475 0.022115384615384617
6 0.7275 0.546875 0.112 0.021153846153846155
4 0.2 0.3754989114658926 0.22264150943396227 0.022677793904208973
5 0.5613207547169812 0.378900580551524 0.04716981132075466 0.020410014513788065
6 0.7226415094339622 0.37822024673439775 0.10566037735849057 0.023584905660377367
4 0.1811320754716981 0.4315130624092889 0.19245283018867926 0.02131712626995646
5 0.5613207547169812 0.43378084179970977 0.04716981132075466 0.01950290275761978
6 0.7245283018867924 0.4340076197387519 0.11132075471698112 0.01904934687953555
4 0.18443396226415093 0.48843432510885343 0.1990566037735849 0.020863570391872234
5 0.5627358490566037 0.4900217706821481 0.046226415094339585 0.021317126269956514
6 0.7231132075471699 0.4893414368650218 0.10471698113207538 0.02177068214804063
4 0.25754716981132075 0.6047714078374455 0.35094339622641507 0.021317126269956407
5 0.565566037735849 0.6040910740203194 0.046226415094339585 0.02086357039187229
6 0.7292452830188679 0.6040910740203194 0.11132075471698112 0.025399129172714106
4 0.2292452830188679 0.6426433236574746 0.29811320754716986 0.019956458635703837
5 0.5674528301886793 0.6428701015965168 0.05 0.021317126269956514
6 0.7316037735849057 0.643550435413643 0.11226415094339631 0.02177068214804063
4 0.24716981132075472 0.6825562409288825 0.3283018867924528 0.019049346879535498
5 0.5674528301886792 0.681422351233672 0.04811320754716974 0.020410014513788172
6 0.731132075471698 0.681649129172714 0.11132075471698112 0.022677793904208973
