0 0.44292965025820974 0.1075227362546958 0.1717678181276484 0.035117500111208136
1 0.22061227301831512 0.2604348399988626 0.1600924705649322 0.028398707573922512
2 0.22452830188679246 0.2859216255442671 0.17358490566037735 0.02766690856313496
3 0.6397616882324219 0.2650224832388071 0.21361370849609376 0.03106988760141226
7 0.6688679245283019 0.4746008708272859 0.10377358490566041 0.026759796806966617
8 0.6650943396226415 0.5004535558780843 0.11132075471698112 0.025852685050798276
4 0.29433962264150937 0.32560776487663284 0.2849056603773585 0.027213352685050787
4 0.2604245283018868 0.37333544992743106 0.15839622641509438 0.027004716981132104
4 0.3044292452830188 0.4241609216255443 0.25340566037735845 0.026950290275761984
4 0.3068679245283019 0.349428519593614 0.24664150943396215 0.028555878084179982
4 0.258066037735849 0.3976279027576197 0.15745283018867914 0.025589622641509418
5 0.4666933962264151 0.3270999637155298 0.06095283018867917 0.025136066763425245
5 0.4669811320754717 0.35168722786647316 0.06415094339622647 0.023131349782293198
5 0.4660377358490566 0.3759524673439768 0.06603773584905662 0.023584905660377367
5 0.46650943396226413 0.40089804063860673 0.0669811320754717 0.02539912917271405
5 0.4674528301886792 0.4260703918722787 0.06886792452830184 0.02403846153846154
6 0.6636792452830189 0.32946298984034833 0.10660377358490564 0.024945573294629934
6 0.6726415094339623 0.3539550072568941 0.09056603773584902 0.02403846153846154
6 0.6731132075471699 0.37822024673439775 0.0915094339622641 0.02449201741654571
6 0.6731132075471699 0.40248548621190133 0.0915094339622641 0.02403846153846154
6 0.6731132075471699 0.4274310595065312 0.0915094339622641 0.02403846153846154
