0 0.5140222726655413 0.19038407027962345 0.6063771996197351 0.03426564843695755
1 0.34138379145923975 0.4187366277127506 0.2624195240162037 0.026278082236404366
2 0.7759928603302098 0.42033356990773596 0.16331994645247658 0.025195173882185947
3 0.31637661758143687 0.44535131298793473 0.21508255243195 0.0255500354861604
7 0.7724602376614701 0.7771690708369576 0.16710637604387954 0.027110310820916427
8 0.7538242161353749 0.8048684904170491 0.19528787894634092 0.02983140487828637
4 0.3431501001292496 0.7240966407012398 0.2588857083063155 0.02663614937732878
5 0.6113342257920571 0.725514549325763 0.04194556001784917 0.029453513129879347
6 0.805458841660043 0.7297763756778411 0.11081429668326082 0.032403256894850074
4 0.3422579205711736 0.6250887154009936 0.2597054886211513 0.024485450674237047
5 0.6120035698348951 0.6250887154009936 0.03792949576082106 0.026614620298083747
6 0.8065595716198126 0.6275727466288148 0.10486390004462294 0.025195173882185947
4 0.3496204463034429 0.6488629917120409 0.271826427890381 0.026635109743723386
5 0.6120035698348951 0.6504613200851668 0.03792949576082106 0.027679205110007096
6 0.8146069521140116 0.6536548146125355 0.09519697714468987 0.03205926812566537
4 0.31057563587684067 0.5739886444286728 0.19812583668005354 0.024485450674237047
5 0.6120035698348951 0.5755855216465579 0.03792949576082106 0.027679205110007096
6 0.8081376068510152 0.5759362247161107 0.10814351154618473 0.03134157439340845
