0 0.39526689910888674 0.35889408405010514 0.4656004791259766 0.024565770075871393
1 0.4041339073900907 0.44494254966259694 0.1889019965405734 0.01622883391138091
2 0.3569590911865234 0.46210098958672907 0.09457238366468891 0.017289312553682597
3 0.5941509433962264 0.48048302936969195 0.07867924528301876 0.021345262015333114
7 0.7540398254394531 0.8063619466928336 0.11567034912109375 0.020088606614332934
8 0.7201340637207031 0.8189149122971755 0.14473187255859374 0.022626906174879807
4 0.30828578186035155 0.6793245755709134 0.2671784362792969 0.02356238731971154
5 0.573625 0.6764723557692308 0.04275 0.016646634615384615
6 0.7609372253417969 0.6920200054462139 0.11437554931640626 0.021609027569110578
4 0.29862281036376953 0.7124993544358473 0.2502543792724609 0.025121483435997596
5 0.573530029296875 0.6924200791579026 0.04418994140625 0.017203110914963942
6 0.7581026916503906 0.7091675978440505 0.11129461669921875 0.019765765850360578
4 0.3098294677734375 0.6477019970233624 0.266591064453125 0.023706582876352165
5 0.5739375 0.64609375 0.042125 0.01610576923076923
6 0.7634541015625 0.65803342965933 0.111841796875 0.02167352529672476
4 0.2820444030761719 0.6967218839205228 0.21716119384765625 0.023022578312800482
5 0.5744375 0.7085036057692308 0.043625 0.015084134615384616
5 0.5809255065917969 0.7417976672832782 0.06064898681640625 0.018808511587289665
4 0.30920084381103513 0.6642242725078876 0.2665983123779297 0.024315878061147836
5 0.57425 0.6605168269230769 0.04275 0.014302884615384615
6 0.7631078796386719 0.6753326416015625 0.11378424072265625 0.01952702448918269
4 0.2914188003540039 0.7281235914963943 0.23591239929199218 0.025123009314903848
4 0.3085499267578125 0.7443837385911208 0.264150146484375 0.02445367666391226
5 0.5742484741210937 0.7239595853365385 0.0465030517578125 0.01662409855769231
6 0.756875 0.7268629807692307 0.10875 0.020432692307692308
6 0.7640625 0.7430889423076923 0.098125 0.021033653846153848
6 0.765625 0.7602163461538461 0.09625 0.019230769230769232
