0 0.41754649245659026 0.13934025647182216 0.509721535188369 0.02883893918653603
1 0.4256054666016426 0.24335520226477914 0.20247620039745529 0.023641863011207572
2 0.37719703736718707 0.26404421592414284 0.10799407707062415 0.022096207793222866
3 0.6410058623881518 0.2858802539313721 0.08793582227707487 0.023235550392099947
7 0.8447624190064795 0.66511762997386 0.1560475161987041 0.024978216671507406
8 0.8172246220302376 0.6870461806564043 0.17548596112311016 0.024687772291606156
4 0.3212742980561555 0.5787104269532385 0.3002159827213823 0.02062155097298867
5 0.6384989200863931 0.5781295381934359 0.07181425485961124 0.023525994772001162
6 0.8604211663066955 0.5769677606738309 0.11285097192224622 0.025849549811211153
4 0.31047516198704106 0.5139413302352599 0.28293736501079914 0.02062155097298867
5 0.625 0.5145222189950625 0.048056155507559394 0.02178332849259367
6 0.8563714902807775 0.5130699970955562 0.11663066954643629 0.024687772291606156
4 0.3201732841475221 0.5994771114795872 0.3024180105386491 0.022675686231574933
5 0.6384989200863931 0.5994772001161778 0.07181425485961124 0.022654661632297415
6 0.8623110151187905 0.5994772001161778 0.11231101511879049 0.024978216671507406
4 0.32235421166306694 0.5566366540807436 0.3023758099352052 0.02062155097298867
5 0.6368790496760259 0.5562009875108916 0.07181425485961124 0.02381643915190241
6 0.8388228941684666 0.5557653209410398 0.15172786177105832 0.024687772291606156
4 0.31047516198704106 0.4933197792622713 0.28293736501079914 0.02062155097298867
5 0.6357991360691144 0.4927388905024688 0.06965442764578833 0.023525994772001162
6 0.8466522678185745 0.4911414464130119 0.132829373650108 0.024978216671507406
