0 0.49775518292803345 0.12349059919504371 0.4660097959138867 0.015944683259643665
1 0.30912645815725315 0.22513156555686537 0.26517755828998996 0.013649002777482705
2 0.7327227310574521 0.2243723849372385 0.16819317235636969 0.014121338912133892
3 0.28532770310455574 0.23580394500896595 0.22237421196621865 0.012477585176329964
7 0.7222255263470916 0.3668559473998804 0.19311288212204109 0.011879856545128487
8 0.7092601403592245 0.3780260011954572 0.2261805638158677 0.011954572624028707
4 0.33063494465758636 0.2668179012100211 0.3131076435675813 0.012939448564692424
5 0.5865945045795171 0.2662133891213389 0.07077435470441298 0.014121338912133892
6 0.7552039966694422 0.2662133891213389 0.11656952539550375 0.014121338912133892
4 0.34060901629594387 0.32777943813508664 0.30926608778398945 0.011580992229527777
5 0.5865945045795171 0.3276673640167364 0.07077435470441298 0.014121338912133892
6 0.7672772689425479 0.3266213389121339 0.10574521232306411 0.014121338912133892
4 0.3445640537647199 0.3078115660490137 0.3266920423456643 0.011991930663478789
5 0.5882597835137385 0.3067468619246862 0.06744379683597003 0.014121338912133892
6 0.7668312120851671 0.30698968918111175 0.11341739027001295 0.013560968320382496
4 0.3384679433805162 0.34793410041841005 0.3172356369691923 0.012813807531380754
5 0.5899250624479601 0.34793410041841005 0.07077435470441298 0.014905857740585775
6 0.7706078268109908 0.3474110878661088 0.10574521232306411 0.013859832635983263
4 0.33704056143689776 0.28743275552898984 0.3116450576900201 0.011580992229527777
5 0.5767217794694897 0.28743275552898984 0.041631973355537054 0.011580992229527777
6 0.7622814321398833 0.2868723849372385 0.10824313072439615 0.014196054991034053
