0 0.517979236388499 0.12857942066221872 0.48762999748101776 0.020856068036044003
1 0.31687898089171973 0.3041293126867699 0.2802547770700637 0.017114914425427872
2 0.7760084925690022 0.3004618310241782 0.18267031789079088 0.022893174515247215
3 0.2895435244161359 0.32192339038304807 0.2340764331210191 0.017386579733767997
7 0.76671974522293 0.549986416734583 0.2097362348228503 0.0236912576830345
8 0.7542462845010616 0.5692746536267319 0.24309978768577495 0.020374898125509373
4 0.3532592951618689 0.4463462839953053 0.3499154092906134 0.022869463492851808
5 0.6167728237791932 0.44485194240695464 0.06369426751592357 0.019288236892148872
6 0.8158174097664543 0.4426786199402336 0.11146496815286625 0.019288236892148872
4 0.3447452229299363 0.5198315675088291 0.3413758490495621 0.02368615069359549
5 0.6210182983657611 0.5169734939289171 0.07486000789958201 0.02636231264644458
6 0.8179405520169851 0.515213257267047 0.11571125265392782 0.020374898125509373
4 0.3415406180541733 0.41048719286432866 0.3350460109184249 0.023960634794807797
5 0.60828025477707 0.4088562890518881 0.04670912951167728 0.022276555283890248
6 0.8115711252653928 0.4068187992393371 0.11571125265392782 0.020374898125509373
4 0.34474490706328376 0.48274814198438776 0.33288779937031415 0.022874636806828986
5 0.618895966029724 0.48071176310785113 0.06794055201698514 0.022548220592230373
6 0.8158367181279856 0.4781312411390417 0.11703692069731954 0.024021421234039664
4 0.3407847734520137 0.37503400790694613 0.3365589311927747 0.02147890322560106
5 0.6157112526539278 0.37449062754686224 0.06581740976645435 0.022548220592230373
6 0.8136942675159236 0.371773974463461 0.11146496815286625 0.021461559358869873
