0 0.5118529674252567 0.1828214971209213 0.5602967425256582 0.03422904670505435
1 0.27971146461372065 0.4871928877979635 0.31753588642733466 0.03238852721540869
2 0.7894259839651575 0.4836828542991243 0.1933838258306664 0.032311519688699615
3 0.25200822745939816 0.5178521623080614 0.26512787140995625 0.03537949106285988
7 0.768593048953627 0.7708251015924904 0.2270190380663278 0.03309094214851248
8 0.7500002757612482 0.8003819558991123 0.26112010297047566 0.03230931726847409
4 0.3175003710520794 0.607660322134417 0.3867529392880768 0.031000532954454603
5 0.6119477911646586 0.6019193857965451 0.06626506024096386 0.03301343570057581
6 0.8240461847389559 0.6 0.12299196787148595 0.03301343570057581
4 0.32091039889947165 0.666577968487584 0.3933197644500529 0.028328388040826963
5 0.6127008032128514 0.6598848368522073 0.0677710843373494 0.032245681381957776
6 0.8160140562248996 0.6583493282149712 0.13704819277108435 0.029174664107485603
4 0.2761310260777812 0.697533750137456 0.2988088983129785 0.032955532354646544
5 0.6127008032128514 0.6890595009596929 0.0677710843373494 0.032245681381957776
6 0.8137359312739239 0.6865682590945897 0.1417493092487136 0.03352997353346929
