0 0.4501719372089093 0.14130996613812868 0.32273304865910457 0.015456990800665694
1 0.4020149572649573 0.1965200731426693 0.12652564102564098 0.011607289612097314
2 0.3730021367521367 0.2078808144312952 0.06788461538461542 0.010921063445101927
3 0.36690811965811965 0.21919789612097307 0.05646153846153851 0.01165762656147273
7 0.6913076923076923 0.3214127218934911 0.06507692307692309 0.01176035502958574
8 0.6813076923076924 0.33286797337278107 0.08815384615384607 0.011778846153846154
4 0.30930769230769234 0.25287857055664065 0.17523076923076916 0.01273398314707372
5 0.5250769230769231 0.2646911982248521 0.040615384615384525 0.012037721893491128
6 0.6854807692307693 0.27549001479289936 0.07826923076923072 0.011150147928994103
4 0.31990267592210037 0.24105214677618805 0.19865618661733772 0.01345783662513868
5 0.5248461538461539 0.2420673076923077 0.04107692307692298 0.012167159763313616
6 0.6840384615384616 0.24140162721893493 0.0780769230769231 0.012758875739644947
4 0.3433641609778771 0.27503104012393387 0.2440409088134765 0.013547387207753522
5 0.5281538461538462 0.29997226331360943 0.040615384615384525 0.013960798816568051
6 0.6821153846153846 0.2641734467455621 0.08653846153846155 0.01159393491124267
4 0.3424588669996995 0.28736480791893226 0.24277457369290859 0.013288135641425324
5 0.5250769230769231 0.25338387573964494 0.04061538461538464 0.012463017751479337
6 0.6848076923076923 0.2532729289940829 0.07961538461538464 0.012684911242603538
4 0.3210553471491887 0.2987924598377837 0.1994277672400841 0.012622180916148605
5 0.5258461538461539 0.2873613165680473 0.04061538461538464 0.012555473372781022
6 0.6910769230769231 0.30033284023668644 0.07169230769230762 0.01176035502958574
4 0.3145123003446139 0.26341951133231434 0.18789847623384912 0.012362160767323833
5 0.5254486107459436 0.27564085221149515 0.041410470815805296 0.011588118062216834
6 0.6864615384615386 0.28725961538461536 0.08092307692307679 0.01275887573964492
