0 0.49755634171907753 0.28426866634413805 0.3020571278825996 0.020994597645541055
1 0.2949463873809238 0.4003671787300719 0.29595628184192585 0.021925294208941893
2 0.27775 0.4203125 0.2615 0.019951923076923075
3 0.7412660217285156 0.39891853332519533 0.22971966552734374 0.025821157602163462
8 0.7424651162790697 0.5354784608953541 0.24306976744186046 0.018966760788919255
4 0.36860714285714286 0.45974130036630034 0.4421507936507936 0.01908577533577537
6 0.79675 0.45625 0.1345 0.021153846153846155
4 0.32925 0.478125 0.3645 0.021167285625751202
5 0.62725 0.47752403846153846 0.0585 0.018028846153846152
6 0.80575 0.47560096153846154 0.1125 0.018028846153846152
5 0.6273255813953488 0.4600290697674419 0.061627906976744154 0.017889087656529495
7 0.7575581395348837 0.5153734347048301 0.21744186046511618 0.019007155635062663
