0 0.4506525421142578 0.08523295842684232 0.19119491577148437 0.020038890838623046
1 0.32223748779296874 0.18040755345271184 0.0955250244140625 0.015386816171499399
2 0.3256875 0.19513221153846153 0.103625 0.015384615384615385
3 0.576125 0.17584134615384617 0.13025 0.01730769230769231
7 0.6115625 0.4361177884615385 0.059375 0.015985576923076922
8 0.6076875 0.4517127403846154 0.067125 0.016646634615384615
4 0.3710779113769531 0.21740481303288386 0.16659417724609374 0.01591152778038612
5 0.4730625 0.24552283653846155 0.037625 0.014362980769230769
4 0.34375 0.2762620192307692 0.08 0.015384615384615385
5 0.477875 0.3041766826923077 0.0355 0.013641826923076923
4 0.3703125 0.3493689903846154 0.121875 0.014603365384615385
4 0.37894384765625 0.24609521719125602 0.1508623046875 0.01562206561748798
5 0.474 0.23118990384615384 0.034 0.015865384615384615
5 0.476875 0.27412860576923076 0.035 0.01484375
4 0.3764430236816406 0.2312598595252404 0.14336395263671875 0.01464374248798077
5 0.4716875 0.21640625 0.037875 0.014302884615384615
5 0.4755625 0.2591346153846154 0.036375 0.014783653846153846
4 0.3769375 0.3200721153846154 0.169875 0.014302884615384615
5 0.480125 0.33386418269230766 0.031 0.014362980769230769
5 0.4816875 0.3633112980769231 0.036625 0.014963942307692308
4 0.38125 0.29068509615384613 0.15375 0.014783653846153846
5 0.4788125 0.31875 0.034875 0.01514423076923077
5 0.4806875 0.3482872596153846 0.034875 0.014963942307692308
4 0.37216854858398435 0.2610748144296499 0.13941290283203125 0.01571094806377704
5 0.4770625 0.28942307692307695 0.033375 0.014903846153846155
4 0.363125 0.3055288461538462 0.1125 0.01514423076923077
4 0.383875 0.3350961538461538 0.14725 0.015504807692307693
4 0.3785 0.3649639423076923 0.13675 0.015264423076923076
4 0.35 0.38025841346153844 0.07625 0.014723557692307692
4 0.39 0.3942307692307692 0.15125 0.01622596153846154
4 0.37 0.4098557692307692 0.11375 0.015024038461538462
5 0.48375 0.3780048076923077 0.0325 0.014423076923076924
5 0.484375 0.3933293269230769 0.0325 0.015024038461538462
5 0.484375 0.40865384615384615 0.0375 0.015024038461538462
6 0.5965625 0.21379206730769232 0.056875 0.014723557692307692
6 0.6015625 0.228515625 0.049375 0.014122596153846154
6 0.6021875 0.24323918269230768 0.051875 0.014122596153846154
6 0.603125 0.25766225961538464 0.0525 0.014723557692307692
6 0.6028125 0.27283653846153844 0.053125 0.014423076923076924
6 0.60375 0.2874098557692308 0.05375 0.014723557692307692
6 0.6053125 0.3019831730769231 0.051875 0.015024038461538462
6 0.6025 0.3171574519230769 0.06 0.01532451923076923
6 0.6090625 0.33218149038461536 0.053125 0.014122596153846154
6 0.609375 0.3467548076923077 0.05375 0.014423076923076924
6 0.6084375 0.36192908653846156 0.049375 0.01532451923076923
6 0.6103125 0.376953125 0.048125 0.014723557692307692
6 0.6109375 0.3915264423076923 0.049375 0.014423076923076924
6 0.6125 0.40685096153846156 0.0475 0.01622596153846154
