0 0.5038764060782047 0.17771154611538345 0.22412675143074628 0.024245973109843413
1 0.2992761692650334 0.4150704734369353 0.2823890737011066 0.027893000231523312
2 0.7541771699697244 0.4130857169175777 0.18020038562256402 0.03274598998802855
3 0.27533407572383073 0.43856161908203833 0.2344097995545657 0.024213950126490785
7 0.7466589029222926 0.5916130857257409 0.216131605390451 0.026805528889591614
8 0.7299839362837406 0.6168062255649441 0.25069055131719314 0.02487150176358843
4 0.28452115812917594 0.5057824358511023 0.24610244988864144 0.021322732200939647
5 0.59771714922049 0.5052403324900614 0.06291759465478843 0.024575352367184677
6 0.7845220077276761 0.5010882874968942 0.13167274662009326 0.029439150662382545
4 0.33379766723360943 0.5505977474828898 0.35476888473952534 0.027865074496860317
5 0.5993875278396437 0.5500542103361041 0.06291759465478843 0.024575352367184677
6 0.8051224944320713 0.5458980845681243 0.09910913140311804 0.026382363570654137
