0 0.4118302636553151 0.12532174125198245 0.4846728060227031 0.0287034726242402
1 0.298317932306334 0.26198848560585747 0.24755018189895986 0.020410327536048975
2 0.7057929439101108 0.2547868218532829 0.1698094610169877 0.021396839298801058
3 0.27630995852448215 0.27847218931467677 0.20551961783475656 0.019866891495870165
7 0.7073619193143623 0.7447880814881572 0.1527180218363917 0.01970380124551033
8 0.6803432120389716 0.7629767586805313 0.2114065991778707 0.022458826109420526
4 0.32475 0.42391826923076925 0.2885 0.01706730769230769
5 0.55225 0.42403846153846153 0.0475 0.021153846153846155
6 0.73775 0.42247596153846156 0.1055 0.018028846153846152
4 0.3227611722724382 0.32187737787345655 0.28936137638535614 0.019147748725358855
5 0.55125 0.3192307692307692 0.0495 0.020192307692307693
6 0.73775 0.315625 0.1095 0.021153846153846155
4 0.32825 0.5703125 0.2905 0.01610576923076923
5 0.5647677307128907 0.5698313786433293 0.06606988525390625 0.022614229642427885
6 0.73775 0.5703125 0.1055 0.018028846153846152
4 0.3260000076293945 0.48221153846153847 0.2910813446044922 0.019268329326923076
5 0.55475 0.48221153846153847 0.0475 0.021153846153846155
6 0.73775 0.4818509615384615 0.1055 0.018028846153846152
4 0.28575 0.715625 0.2015 0.016826923076923076
5 0.55925 0.7161057692307692 0.0475 0.020192307692307693
6 0.7390169372558594 0.7171872065617488 0.10929644775390625 0.022961895282451922
4 0.3225 0.3953125 0.293 0.018045572134164665
5 0.5625 0.39375 0.059 0.019230769230769232
6 0.7455 0.39158653846153846 0.094 0.021153846153846155
4 0.2725 0.35204326923076923 0.188 0.01706730769230769
5 0.55225 0.3490384615384615 0.0475 0.021153846153846155
6 0.7455 0.34591346153846153 0.094 0.021153846153846155
4 0.326 0.5395432692307692 0.286 0.01706730769230769
5 0.55475 0.5401442307692308 0.0475 0.020192307692307693
6 0.73775 0.5412259615384616 0.1055 0.018028846153846152
4 0.32375 0.45360576923076923 0.2865 0.015865384615384615
5 0.5535 0.453125 0.045 0.021153846153846155
6 0.73775 0.4515625 0.1055 0.018028846153846152
4 0.29125 0.6859375 0.2215 0.018056781475360578
5 0.558 0.6875 0.041 0.016826923076923076
6 0.741 0.6881009615384616 0.103 0.018028846153846152
4 0.277 0.6426682692307693 0.188 0.01706730769230769
5 0.5570192260742187 0.6431577535775992 0.046985595703125 0.021840785099909856
6 0.73875 0.64375 0.1035 0.016826923076923076
4 0.32825 0.5995192307692307 0.2905 0.015865384615384615
5 0.56475 0.6 0.0585 0.019230769230769232
6 0.73875 0.5993990384615384 0.1035 0.018028846153846152
4 0.3205 0.5114182692307693 0.275 0.01706730769230769
5 0.55475 0.5120192307692307 0.0475 0.020192307692307693
6 0.73675 0.5109375 0.1075 0.018028846153846152
