0 0.31254532254654743 0.12667432314071286 0.5792593432890968 0.02680020365538799
1 0.32486075390849506 0.25172071988741107 0.24029243886812096 0.02571240733719682
2 0.2692560634063928 0.2757875462438185 0.12699420588935634 0.023666870118708015
3 0.5680326102978694 0.30007722873407155 0.09864728493191077 0.026158119604887852
7 0.8076548025353486 0.8431976432779861 0.1477328132618235 0.02437064809855383
8 0.7608483666504144 0.8682378146759507 0.19063871282301317 0.024638457418318157
4 0.09751340809361288 0.5682913765399036 0.1257922964407606 0.024638457418318157
5 0.5509507557289127 0.5666845206213176 0.05558264261335934 0.025709694697375468
6 0.7979038188307533 0.5676195321392107 0.14887638175737444 0.02820543433231789
4 0.1965051257627758 0.7400911859349892 0.3238373918686769 0.027101570869041244
5 0.5538761579717211 0.7411622924477772 0.05363237445148708 0.02437064809855383
6 0.8047294002925403 0.7420996250669524 0.14188200877620674 0.024638457418318157
4 0.13871302388459517 0.666177317492133 0.204359466537855 0.022793083824317086
5 0.552901023890785 0.665104445634708 0.05558264261335934 0.02437064809855383
6 0.8008288639687957 0.665104445634708 0.14578254509995126 0.02437064809855383
4 0.20723164901101027 0.7651313573329539 0.34529060203816353 0.026826569404459027
5 0.567528035104827 0.7667380824852705 0.07703559239395417 0.023567220139260846
6 0.8144811577241284 0.7666013990421632 0.12357860399652608 0.028223480077497323
4 0.20697221053861398 0.6906802356722014 0.3447720896378196 0.025740294004418855
5 0.552901023890785 0.689608998393144 0.05558264261335934 0.025709694697375468
6 0.8018039980497318 0.6901446170326727 0.14383227693807898 0.024638457418318157
4 0.14066308931511592 0.6166309587573647 0.21215323713684825 0.026034256578066416
5 0.5519258898098488 0.615158007498661 0.057532910775231594 0.024638457418318157
6 0.7998540869926255 0.6166286376560827 0.14887638175737444 0.02820543433231789
4 0.20599707459775718 0.7150508837707552 0.3388590931253047 0.022511674812533477
5 0.552901023890785 0.7150508837707552 0.05558264261335934 0.024638457418318157
6 0.8037542662116041 0.7161221210498125 0.14383227693807898 0.024638457418318157
