0 0.3878013277215473 0.10806158916269473 0.3549058191331767 0.016927669132237644
2 0.3572611710323575 0.18689556603354274 0.07361325115562409 0.013268841857295235
3 0.5440340909090908 0.2011582167832168 0.06647727272727269 0.015024038461538462
7 0.6766355932203391 0.43890767601043024 0.0958813559322034 0.014459745762711898
8 0.6512796610169491 0.45256478161668845 0.12116949152542372 0.014850880052151239
4 0.3103993422944667 0.34491258519258466 0.2130996204958124 0.016661139914700404
5 0.5248601694915255 0.35916720990873535 0.036720338983050854 0.014227509778357253
6 0.6801567796610171 0.3585560625814863 0.09392372881355948 0.014634941329856642
4 0.3057365095494157 0.33111033010669294 0.20547613344354151 0.014930578378530703
5 0.5244364406779661 0.33261285853976535 0.03587288135593224 0.015184973924380729
6 0.6797330508474576 0.33131722620599746 0.09307627118644063 0.012887059973924354
4 0.30504237288135594 0.3713983050847458 0.20177966101694922 0.01502607561929598
5 0.5244364406779661 0.37160202086049543 0.037567796610169464 0.01380378096479798
6 0.6801779661016949 0.3718057366362451 0.09557627118644076 0.013396349413298645
4 0.31124653289277676 0.3582191032101309 0.21479506980766688 0.01612372317556612
5 0.5248601694915255 0.34586253259452415 0.036720338983050854 0.0147612451108214
6 0.6807330508474576 0.34517804758800524 0.09107627118644064 0.014500488917861805
4 0.3040431430622683 0.38437409829906877 0.20377812065512443 0.014335245383609637
5 0.5252838983050848 0.3854526564537158 0.03756779661016958 0.013807855280312909
6 0.6801483050847458 0.3852591264667536 0.09563559322033904 0.014194915254237318
1 0.3941255778120185 0.17443186448085812 0.1473420647149461 0.014565214975702234
4 0.3093220338983051 0.39785691003911344 0.2135593220338983 0.01426010430247719
5 0.5309322033898305 0.3996903520208605 0.05 0.013037809647979131
6 0.6877118644067797 0.3990792046936115 0.08389830508474574 0.01344524119947852
