0 0.4844360465116279 0.2920513364624679 0.6078720930232558 0.024014500599214565
1 0.3125 0.4296875 0.268 0.01610576923076923
2 0.74775 0.43016826923076923 0.1655 0.01706730769230769
3 0.288 0.44579326923076923 0.224 0.01706730769230769
7 0.76225 0.7453125 0.1815 0.019951923076923075
8 0.7500953610442405 0.7635623345008263 0.2184139290743095 0.021287674468830394
4 0.308 0.5515625 0.264 0.01610576923076923
5 0.5851927681856378 0.5521787981227813 0.04821911479151538 0.021425051339410573
6 0.7819550334131994 0.551208623022854 0.11050853782476383 0.020011197603665976
4 0.29925 0.7114182692307692 0.2775 0.01706730769230769
5 0.58825 0.7115384615384616 0.0475 0.021153846153846155
6 0.79475 0.7125 0.1165 0.021153846153846155
4 0.33375 0.5223557692307692 0.3155 0.015865384615384615
5 0.5861047093591025 0.5230247374723977 0.04872081383993452 0.020475569777923724
6 0.7796294520178507 0.522689504060421 0.11050853782476383 0.02002796862334391
4 0.31925 0.6770432692307692 0.3085 0.01706730769230769
5 0.58825 0.678125 0.0475 0.021153846153846155
6 0.79225 0.6790865384615384 0.1165 0.021153846153846155
4 0.32247947692871093 0.5828125586876503 0.30204104614257815 0.01804492657001202
5 0.587 0.5838942307692307 0.05 0.020192307692307693
6 0.7845 0.5837740384615384 0.11 0.018028846153846152
4 0.3294336342035339 0.6473911087500176 0.32654168701171876 0.018045630821814904
5 0.58825 0.6473557692307692 0.0475 0.020192307692307693
6 0.78925 0.6478365384615384 0.1145 0.021153846153846155
