0 0.40863043634478674 0.14007098736497506 0.43786705367122947 0.015490510197894526
1 0.410587074220026 0.201419321880999 0.17592667057857533 0.013371084257207067
2 0.36854894999012094 0.2138111317765842 0.09185042211876521 0.012593793407303058
3 0.5986515829826019 0.22776686581007724 0.0766694367745222 0.013599039746842383
7 0.7700768282960064 0.439649998636004 0.11796042617960421 0.013762719262351064
8 0.7390103717208678 0.4530468283124429 0.15255112000684024 0.014794577545941058
4 0.26418786692759294 0.4000054559838503 0.16568819308545335 0.013749079302725264
5 0.5803616728274262 0.3992893581035 0.049467275494672704 0.013189840958070808
6 0.7713024683808074 0.4006988994097733 0.11260996502862929 0.015281143810783101
4 0.31544901065449016 0.34748479144501737 0.261469884757556 0.0135990397468423
5 0.5794556787707473 0.3496944649043839 0.045480901645285246 0.01471751643615138
6 0.7686634775675871 0.351194860463213 0.11353917518301057 0.013353520473579461
4 0.3053018772196855 0.36092015167635105 0.24588678698267735 0.014090078293368313
5 0.5794556787707472 0.362284147638923 0.04693049213597167 0.014090078293368257
6 0.7698956294846706 0.3766879450036828 0.11252446183953033 0.014199197970374045
4 0.31477857505254764 0.3743077720489947 0.2648401826484018 0.012767002209673459
5 0.578730883525404 0.3750375098889707 0.04403131115459882 0.014226477889625477
6 0.7690258751902587 0.3635799438033664 0.11281437993766755 0.013135281119567943
