0 0.44177070248204864 0.12913247120254653 0.45928879642338827 0.021450623934677022
1 0.3883418561636382 0.21537191282414211 0.19357705001269343 0.019289745404395073
2 0.34415007434809425 0.23292866604968518 0.10642657672360639 0.018291687081496002
3 0.3366971312515867 0.2521639719091949 0.09231857251659235 0.019017547679968043
7 0.7826772570908361 0.34903091274772824 0.08673267255897982 0.018362585196470077
8 0.772881244560781 0.36599085895004546 0.10922608665909302 0.019284001518494676
4 0.2721428913870042 0.3055513235100435 0.2867083056458226 0.01894435245366397
5 0.5665596779458164 0.303092166149491 0.05329488992855335 0.016604061190048473
6 0.7902205055670403 0.30162229843758503 0.09050520436659044 0.0173662148184441
4 0.2708933911921734 0.32360225360931344 0.2863059169954813 0.019135522178727295
5 0.5665596779458165 0.31878890159144935 0.05474558444855481 0.01642259604043047
6 0.7876001885902876 0.317173861759849 0.08816595945308817 0.018164661476763388
4 0.28615600975528316 0.28810269622301554 0.3186943500513126 0.01874445281948643
5 0.5657028637085249 0.2863923384545492 0.05645921292313817 0.018791710845633264
6 0.7845355964167845 0.283793347487615 0.10278170674210278 0.017928756782259966
