0 0.51788212523799 0.1759305541670832 0.5922139122934352 0.029991002699190247
1 0.5494780273976798 0.36197513921550534 0.2094044753829454 0.02774802799503034
2 0.5303383681279757 0.3903164852410596 0.17743649516282767 0.027781048281001797
3 0.49019375808640225 0.4195158119230897 0.09714727507968071 0.027308474124429334
7 0.7511820960629453 0.5900977356939403 0.15462745176078943 0.03194949108041025
8 0.7392309149659335 0.6208921930354487 0.17710655015221172 0.03334176748928446
4 0.32703777335984097 0.46518544436669 0.3055003313452618 0.025542337298810357
5 0.6023856858846919 0.46308607417774666 0.0636182902584493 0.025542337298810357
6 0.7677269715043075 0.46098670398880337 0.11994698475811796 0.02974107767669699
4 0.35155731261843004 0.4947515745276417 0.3625971425677705 0.026611328125
5 0.6033797216699801 0.4942267319804059 0.06560636182902585 0.025542337298810357
6 0.7763419483101391 0.49212736179146255 0.09874088800530152 0.027641707487753672
4 0.3425842750301576 0.5290394937182907 0.348628666639486 0.0266156847281753
5 0.6043737574552683 0.5286913925822253 0.06759443339960239 0.025192442267319804
6 0.7783300198807157 0.5271168649405178 0.10271703114645461 0.030440867739678096
