0 0.4733440274216829 0.1694378808605895 0.3580650426040643 0.029237657007834855
2 0.22221908419942765 0.3703542780748663 0.2891436963398102 0.02800802139037433
3 0.7579548877843049 0.3393939393939394 0.2626336797710499 0.028654188948306614
4 0.32786375960234976 0.42504456327985735 0.4996046091278807 0.025579322638146187
6 0.815860822413014 0.4233957219251337 0.15047446904654316 0.0286096256684492
4 0.29295639403524626 0.4793449197860963 0.4225598734749209 0.025044563279857417
5 0.6093538183461364 0.47967914438502673 0.05286940804338003 0.031016042780748664
6 0.8149570718481699 0.47914438502673795 0.14866696791685494 0.027807486631016044
4 0.2360012803133002 0.5064950980392157 0.3067668323542702 0.027562388591800397
5 0.6206507004066878 0.5073529411764706 0.07184816990510619 0.029679144385026737
6 0.8341617713511071 0.5078877005347594 0.11025756891098057 0.0286096256684492
1 0.2420107399195032 0.3441736102474817 0.33207578894271694 0.02798159432906357
7 0.7853119515757836 0.5639845790324587 0.2080728044641074 0.02984703395100114
8 0.7485314053321284 0.5932097997761473 0.28793913345033056 0.03233428678025128
5 0.6087324898328061 0.42585784313725494 0.0508359692724808 0.028409090909090908
