0 0.5321907910041088 0.24471634641960158 0.6054297387464991 0.02934452051348198
1 0.5586220930232558 0.42156473613595713 0.2137558139534883 0.023697450805008912
2 0.5403178278013718 0.4486192658890126 0.17947286490506906 0.02637538329859749
3 0.5016220930232559 0.4755618291592129 0.09975581395348831 0.024357110912343452
7 0.7622502746582032 0.6317287445068359 0.15568048095703124 0.03134137667142428
8 0.7535111389160156 0.6615399874173677 0.18324835205078124 0.03231471135066106
4 0.35698387908935547 0.5176681811992939 0.33609584045410157 0.023349644587590146
5 0.61275 0.5162259615384616 0.0695 0.024278846153846154
6 0.77675 0.5145432692307692 0.1165 0.025240384615384616
4 0.36275 0.5490384615384616 0.3476341552734375 0.023606168306790864
5 0.61275 0.546875 0.0655 0.023076923076923078
6 0.77775 0.5463942307692308 0.1145 0.022115384615384617
