0 0.5590872045639772 0.22805308092056423 0.2917685411572942 0.02923162583518931
1 0.19748300231101584 0.4089224151081551 0.2118263723749874 0.025734508954449828
2 0.806126407539349 0.40785252968293256 0.2245847221691626 0.031257238579221185
3 0.21724386241082488 0.4357209323611068 0.2486686539170043 0.02629130182750105
7 0.8713936430317848 0.6734409799554566 0.11540342298288508 0.028953229398663696
8 0.8621023313340465 0.7005872832640242 0.13516926287438874 0.031557214817650336
4 0.2987775023817142 0.6187360801781737 0.3932160020748969 0.025904734044404232
5 0.6625916870415648 0.6187360801781737 0.05085574572127139 0.027561247216035634
6 0.8594132029339854 0.6192928730512249 0.1315403422982885 0.028674832962138085
4 0.2858034614245874 0.5400890018998382 0.378026328984566 0.02675525011092358
5 0.6625916870415648 0.5395322939866369 0.05085574572127139 0.02783964365256125
6 0.8584352078239609 0.5391146993318485 0.12665036674816627 0.028674832962138085
