0 0.5219806496707502 0.15287197937500813 0.6100136114483317 0.030491406005312496
1 0.1827034204556918 0.31041713635580065 0.18947652035042295 0.028281631859098245
2 0.7498804399808704 0.3104172921044731 0.20851267336202775 0.028219753827679377
3 0.20157819225251075 0.33803662563794656 0.22046867527498804 0.02461723206244371
7 0.8142037302725968 0.8150705493845692 0.10664753706360593 0.02882017412188532
8 0.796987087517934 0.843740618432903 0.1410808225729316 0.027919543680576402
4 0.1958393113342898 0.5567397178024617 0.22525107604017217 0.024917442209546684
5 0.6135820181731229 0.5567397178024617 0.050693448110951694 0.030921645151606125
6 0.8067910090865614 0.5577904533173221 0.10637035397238163 0.033750554098806666
4 0.2697274031563845 0.4738817172020414 0.3663318986131038 0.023716601621134793
5 0.6128646580583453 0.47448213749624735 0.04925872788139646 0.030921645151606125
6 0.7960306073648972 0.4749324527169018 0.12003825920612148 0.03002101471029721
4 0.2615973218555715 0.7557790453317322 0.3701578192252511 0.024917442209546684
5 0.6267336202773792 0.7566796757730412 0.0703012912482066 0.0333233263284299
6 0.81324725011956 0.757880516361453 0.10856049736967958 0.0333233263284299
4 0.2680535628885701 0.4187931552086461 0.3601147776183644 0.024016811768237768
5 0.6128646580583453 0.4192434704293005 0.04925872788139646 0.030921645151606125
6 0.8051299246118035 0.4192436536630329 0.10687188723622071 0.03404981143050135
4 0.23696795791487327 0.6125788051636145 0.31420373027259685 0.023716601621134793
5 0.6135820181731229 0.6130291203842689 0.050693448110951694 0.031221855298709095
6 0.7993782879005261 0.613629540678475 0.12003825920612148 0.03002101471029721
4 0.26386896221903394 0.6982637846492545 0.37561772676550303 0.028144701290903632
5 0.6145783516658697 0.6985765035524868 0.04483500717360115 0.03002101471029721
6 0.8003945480631277 0.6992019413589513 0.12753068707157664 0.03127189032322621
