0 0.4762307012433092 0.14633197588417732 0.7248023283397051 0.03762638046750284
1 0.271668316015174 0.3547091689115035 0.32162295893122217 0.026189763543849148
2 0.7961405244928254 0.35468422627955704 0.20491612966198663 0.026989778977102665
3 0.24194105910562788 0.37887033407147935 0.26835350201465347 0.027121093165407065
7 0.8080347593755155 0.6711456837749739 0.2088866060015668 0.028014205023757857
8 0.7899657760184727 0.6966477102663873 0.24490763648358896 0.02663873091888656
4 0.2917071856348188 0.54594544242578 0.37658606844925163 0.02397477744546917
5 0.6041563582384958 0.5457946722538162 0.050470064324591786 0.02604010775217001
6 0.8438891637803068 0.5447470817120622 0.1301335972290945 0.025740796168811732
4 0.2595249876298862 0.4494163424124514 0.2983671449777338 0.02065249925172104
5 0.6024245423057892 0.44896737503741396 0.0499752597723899 0.025740796168811732
6 0.8384463137060861 0.44896737503741396 0.1301335972290945 0.025740796168811732
4 0.26806036615536866 0.5966526987927766 0.3350239155533564 0.024942631946522974
5 0.6056613887514433 0.5960291329941135 0.05154214085436245 0.024942631946523044
6 0.8448169223156853 0.5954055671954505 0.1381329374896916 0.026189763543849148
