0 0.48288367148893757 0.10690409189659773 0.572118251511493 0.030594983671854856
1 0.32832349184852544 0.2030100157574516 0.2511098297201398 0.019685849269675412
2 0.7358730158730159 0.2087847385774847 0.16 0.013895430993876589
3 0.30754826756007153 0.21443448538987517 0.20164228161867362 0.01968153664970198
7 0.7431457431457432 0.35006209052370146 0.15873015873015872 0.012311052113218854
8 0.7276334776334776 0.36157024793388426 0.19552669552669555 0.012311052113218854
4 0.3499101092185809 0.2924125036611162 0.2958507772338339 0.015740230548704902
5 0.5909812409812409 0.2952779086198775 0.0445887445887446 0.01322099944332631
6 0.7726984126984127 0.2963966085727744 0.10285714285714286 0.013895430993876589
4 0.3302566973093096 0.3150037364398612 0.2529065188012942 0.013914078955159679
5 0.5940548340548342 0.3170684708602749 0.04565656565656564 0.012460925791118934
6 0.7744155844155844 0.31727187085171066 0.10340548340548349 0.01205412580824735
4 0.3219162106204343 0.24757099523231088 0.2392844618760146 0.016569566936996877
5 0.5872294372294372 0.25142915257140414 0.046320346320346345 0.012600094206311769
6 0.7706493506493506 0.25263349462595813 0.10660894660894667 0.015544041450777202
