0 0.5098466169265746 0.1557400738073007 0.30511170173022933 0.03200327750147675
1 0.1347305399604511 0.34110787172011664 0.21625237420777232 0.031837455964528666
2 0.7561241154055526 0.34677680596047944 0.2221012520413718 0.028182701652089408
3 0.15269460870185234 0.3707482993197279 0.25654182994761543 0.030850691280976675
7 0.8298856831790964 0.716715257531584 0.11703864997278171 0.03012633624878523
8 0.8211758301578661 0.7473275024295433 0.1301034295046271 0.029154518950437316
4 0.2221012520413718 0.6609977324263039 0.38758845944474685 0.024943310657596373
5 0.6162221012520414 0.6587301587301587 0.05770277626565052 0.03142209264658244
6 0.8168209036472509 0.6577583414318108 0.13228089275993468 0.02947845804988662
4 0.2212644430626717 0.572400270096878 0.3892620774021471 0.0272429935515873
5 0.6145890038105607 0.5712666018788468 0.05443658138268917 0.03142209264658244
6 0.8124659771366358 0.5707806932296728 0.1301034295046271 0.03045027534823453
4 0.20223189983669027 0.48542274052478135 0.3511159499183451 0.026254409874068674
5 0.6118671747414263 0.48542274052478135 0.04899292324442025 0.028182701652089408
6 0.8100163309744148 0.48542274052478135 0.12847033206314643 0.03012633624878523
