0 0.5453410981697171 0.16357415060919972 0.2832465603921778 0.02876388814341683
1 0.2093732667775929 0.3410981697171381 0.18801996672212978 0.02529118136439268
2 0.7673322240709928 0.33910149750415974 0.2002218524681087 0.02529118136439268
3 0.2249214650522783 0.3677206080685836 0.23028214084923565 0.03067271507123544
7 0.8333333333333334 0.5748752079866889 0.10260676650027732 0.026289517470881863
8 0.8264004437049363 0.6026622296173045 0.12312811980033278 0.029284525790349417
4 0.26566832209717745 0.5239600665557405 0.31844273555034147 0.02834492967450083
5 0.6378258458125347 0.5219633943427621 0.048807542983915694 0.028286189683860232
6 0.8297282307265669 0.5214642262895175 0.1064891846921797 0.029284525790349417
4 0.2750970519917975 0.47088186356073214 0.333971189645946 0.028674864808652247
5 0.636993899057127 0.4687188019966722 0.04714364947310039 0.028286189683860232
6 0.8194675540765392 0.46821963394342764 0.12035496394897394 0.029284525790349417
