0 0.49883661127442586 0.27946791973788343 0.22766717145015994 0.020099405221098626
1 0.21979830053677293 0.4040934005381781 0.16599578927512776 0.023604330384722875
2 0.6926967916983664 0.4037436370598229 0.17839451913829238 0.024800987180807248
3 0.2344970142397795 0.4235114144504589 0.19430408819476344 0.02000470698987997
7 0.7710438677078548 0.8517298187808896 0.09238631143775838 0.020240056483878558
8 0.7579046087888532 0.8745979446144192 0.1301485224314806 0.024515572291519537
4 0.28755202707370375 0.710991740703695 0.3051266895832137 0.02454230958755001
5 0.593706936150666 0.7067545304777595 0.04639412034910427 0.022122852435867264
6 0.7531005971520441 0.7078136032007531 0.10702802021129995 0.022358201929865852
4 0.28135048231511256 0.6515650741350906 0.2927232636297083 0.024782370668098377
5 0.5916398713826366 0.6483878559661097 0.045934772622875514 0.022122852435867264
6 0.7489664676159853 0.6479171569781125 0.10702802021129995 0.021181454459872913
4 0.2875669564355334 0.592727844281375 0.30509778409580274 0.02334964614835844
5 0.5880426798737762 0.5902265216430884 0.0471790002101449 0.024755295748452377
6 0.7436839687643546 0.5886090844904683 0.10473128158015618 0.021181454459872913
4 0.2916858061552595 0.5354200988467874 0.3086816720257235 0.02119926655536597
5 0.5842903077629765 0.532831254412803 0.044097381717960495 0.022122852435867264
6 0.7383879563870865 0.5307128791333255 0.10818390327141708 0.025061043775005884
4 0.28755185184645227 0.49800041990578664 0.3050677150994416 0.021197485345816662
5 0.583371612310519 0.4968227818310191 0.042259990813045475 0.021181454459872913
6 0.735415709692237 0.49482231113203107 0.10473128158015618 0.020946104965874325
4 0.28961927407807475 0.8125449899057131 0.3139140979379593 0.025733766400917863
5 0.5989894350022967 0.8077194634031537 0.044097381717960495 0.022122852435867264
6 0.7593017914561323 0.8104259825841374 0.11231096764469453 0.0281266777844787
4 0.29696829799780017 0.7515886090844904 0.3239592594677667 0.02477536074664627
5 0.596692696371153 0.7474699929395152 0.044097381717960495 0.022122852435867264
6 0.764584290307763 0.7484113909155096 0.09232889297197978 0.022122852435867264
