0 0.5323490882839622 0.17734084139985107 0.3003126926446255 0.03261754068716094
1 0.17595146166574738 0.3808544303797468 0.20077220077220076 0.02857142857142857
2 0.7701409955874241 0.37935126582278483 0.2241623000551572 0.029950271247739604
7 0.833782248646925 0.6804277361409358 0.11411641831563707 0.0335839490562839
3 0.1953426640926641 0.4101491862567812 0.24476006618863766 0.02938517179023508
4 0.24101971869829011 0.5299502712477396 0.3430088251516823 0.030515370705244124
5 0.6266891891891891 0.5285375226039783 0.05601902923331495 0.029950271247739604
6 0.8210321290678434 0.5285375226039783 0.13099834528405957 0.032210669077757687
4 0.19060259238830668 0.6200836347197106 0.24562189740761173 0.029950271247739604
5 0.6275510204081632 0.6189534358047016 0.0542953667953668 0.029950271247739604
6 0.8249103695532267 0.6192359855334539 0.1370311638168781 0.032775768535262206
8 0.8266340319911748 0.7119122965641953 0.1335838389409818 0.033905967450271246
