0 0.5029585798816568 0.1811870405662946 0.5396449704142012 0.02588050150592159
1 0.3467453695142998 0.35992494786171897 0.23359037922214004 0.022909104710471685
2 0.7351084812623274 0.3630547236591342 0.1495069033530572 0.020419275796351756
3 0.32445758164987054 0.37966240130683365 0.1945374377850715 0.022642198454090663
7 0.7343264070455483 0.5433173567010048 0.1542543920003668 0.022654315906774122
8 0.7185541510871778 0.5649399763936749 0.18666107498294224 0.025656170187738615
4 0.36369288216916296 0.45943377188691126 0.2824761686005301 0.021523658177069152
5 0.5885601577909271 0.4609311189763136 0.03550295857988166 0.02232507487067792
6 0.764102564102564 0.4624285325347128 0.09467455621301775 0.02150830383882385
4 0.3274311976084813 0.4786276751112425 0.21225884492110453 0.022916083955128643
5 0.5885601577909271 0.48066975224612035 0.03550295857988166 0.022597331881295944
6 0.7633136094674556 0.4823032943098285 0.09625246548323471 0.02150830383882385
