0 0.4326655670037372 0.22280576112039469 0.39205374004924576 0.014323227500596792
1 0.2766878231814271 0.28385825170445783 0.20039548031353405 0.014761414948687518
7 0.6430358665423569 0.5166308585979152 0.09084172025531305 0.01551682979231326
8 0.6434342951399679 0.5331423569666587 0.088451148669647 0.017506166945173804
4 0.29689703808180534 0.47136150234741786 0.2402444757874941 0.01596244131455399
5 0.5155148095909732 0.4707746478873239 0.04842501175364363 0.014788732394366197
6 0.6438645980253879 0.4697183098591549 0.08791725434884815 0.016901408450704224
4 0.29691731139534117 0.4406092254208847 0.2402850224145657 0.016922412567855045
5 0.5157498824635637 0.44014084507042256 0.052656323460272686 0.01784037558685446
6 0.6426892336624354 0.43908450704225355 0.08180535966149506 0.013849765258215962
2 0.447805853712956 0.28427627914378933 0.13068458001641522 0.014721094931168965
