0 0.4717760384448283 0.1891486085841457 0.7073708500623261 0.03895127851049163
1 0.27331475891958823 0.44175561134316627 0.30751208392257845 0.02937695381953478
2 0.7765793528505393 0.44013948082138704 0.19729722409476116 0.03415726931785161
3 0.24524909726276603 0.4703603254552499 0.2512337518583277 0.03261798206848121
7 0.7806882383153569 0.7791553661371562 0.1941448382126348 0.028671057729562185
8 0.7447354904982023 0.8084075939558311 0.26605033384694404 0.02905850445563735
4 0.29081778234320604 0.6352942442636359 0.33715687952976087 0.02688449782599338
5 0.5896250642013354 0.63541263076327 0.046224961479198766 0.030995738086013174
6 0.8186954288649204 0.6385122045718714 0.1263482280431433 0.03332041844246416
4 0.3089938937396564 0.6648693443540402 0.37613422359185067 0.027142795643376853
5 0.5998972778633795 0.6640836884928323 0.06882383153569595 0.0317706315381635
6 0.825429220781268 0.6688431556257116 0.11104313177143937 0.031682468412466684
4 0.2995679362762325 0.5805496996511226 0.3567116301282225 0.029789485055102746
5 0.5896250642013354 0.5802014722975591 0.048279404211607604 0.03060829135993801
6 0.8079266579994864 0.5817509281316593 0.14603321014702106 0.03694790733364006
4 0.3103244758017283 0.5250922734966047 0.3928671190044962 0.029228437230231715
5 0.5991178511249876 0.5240726768490385 0.06577821029203718 0.02990816832860917
6 0.8266383730255273 0.5274713323409258 0.10812856486362288 0.03398655491887409
