0 0.5334061771561771 0.25187712928097544 0.30241841491841503 0.026324636901559947
1 0.16961538461538458 0.4047707100591716 0.20999999999999996 0.022559171597633126
2 0.77775 0.40360576923076924 0.2316695556640625 0.027001718374399037
3 0.18650000381469728 0.42752403846153847 0.2491088180541992 0.026731579120342547
7 0.85375 0.6801682692307692 0.1185 0.025240384615384616
8 0.8406967671712239 0.7049398275522085 0.14181020100911462 0.0267666743351863
4 0.25775000572204587 0.63125 0.41355717849731444 0.025507178673377404
5 0.635 0.6307692307692307 0.056 0.026442307692307692
6 0.8382503356933594 0.6322093083308293 0.14270550537109375 0.02797558124248798
4 0.2517692307692308 0.5174741124260355 0.37953846153846155 0.02052514792899405
5 0.63275 0.5161057692307692 0.0565 0.026442307692307692
6 0.84275 0.515625 0.1145 0.02548076923076923
4 0.2489583333333333 0.5866386217948719 0.40208333333333335 0.02353766025641022
5 0.6322916666666667 0.5863882211538461 0.05833333333333337 0.023036858974358903
6 0.8333333333333334 0.5868890224358975 0.1375 0.027043269230769232
