0 0.5528009341568664 0.11392881681694274 0.4004846377727734 0.006835395638316384
1 0.5069265001435544 0.14813647539321825 0.11807349985644554 0.00562135303202883
2 0.47911283376399655 0.1531588317906866 0.06316393913293139 0.005344893046847067
3 0.46834625322997414 0.15831941818074585 0.04234855010048803 0.005529199703634909
4 0.4274140211640211 0.23350995176958086 0.2083333333333333 0.00636845323007949
5 0.5753968253968254 0.23287310644657291 0.04298941798941801 0.005943889681407513
4 0.4371279761904761 0.24417711092996397 0.22776124338624337 0.005837748794239526
5 0.5753968253968254 0.243752547381292 0.04298941798941801 0.0056254670199035505
4 0.4385747354497354 0.25410128388017117 0.22734788359788355 0.005731607907071538
5 0.5756035052910052 0.25372979077508323 0.038442460317460285 0.005625467019903577
4 0.4389880952380952 0.26450309082263435 0.2256944444444444 0.005519326132735509
5 0.576016865079365 0.26386624549962634 0.04009589947089938 0.005307044358399534
4 0.4383680555555555 0.27400270022416956 0.22610780423280422 0.005200903471231574
5 0.5758101851851851 0.2732597140139936 0.04050925925925926 0.005200903471231574
4 0.43878141534391535 0.2834492391821208 0.22610780423280416 0.005413185245567549
4 0.4396081349206349 0.2936918347938319 0.23024140211640207 0.005519326132735509
4 0.41108630952380953 0.30414671217987904 0.17319775132275134 0.005625467019903524
4 0.4383680555555555 0.3145485191223422 0.22693452380952375 0.005625467019903524
4 0.4404348544973544 0.32495032606480534 0.23024140211640207 0.005625467019903524
4 0.4402281746031746 0.33572362611235645 0.22817460317460314 0.006368453230079463
4 0.44084821428571425 0.3463377148291556 0.22693452380952375 0.0057316079070714844
4 0.4420882936507936 0.35700487398953873 0.22776124338624343 0.006262312342911448
4 0.44188161375661367 0.3674066809320019 0.2256944444444444 0.0060500305685755274
4 0.44291501322751314 0.377649276543713 0.22610780423280427 0.005943889681407513
4 0.4445684523809524 0.3875734494939202 0.22362764550264552 0.005413185245567549
4 0.44415509259259256 0.3978691155492154 0.22610780423280422 0.0060500305685755274
4 0.423693783068783 0.40885469737110247 0.18518518518518517 0.005731607907071538
4 0.4234871031746032 0.41877887032130967 0.18311838624338628 0.005625467019903524
4 0.445188492063492 0.42912760682018886 0.22486772486772486 0.006156171455743488
5 0.576016865079365 0.28270625297194485 0.04092261904761914 0.005413185245567549
5 0.5764302248677248 0.29284270769648796 0.039269179894179836 0.005519326132735564
5 0.5766369047619048 0.30350986685687115 0.03885582010582006 0.005837748794239498
5 0.5768435846560845 0.3138055329121663 0.04009589947089948 0.005200903471231574
5 0.5774636243386243 0.32431348074179744 0.039682539682539715 0.005625467019903577
5 0.5778769841269841 0.3350337103457645 0.039682539682539715 0.006050030568575474
5 0.5774636243386243 0.34570086950614765 0.0413359788359788 0.006156171455743488
5 0.5793237433862434 0.35642109911011477 0.04009589947089948 0.005943889681407513
5 0.5793237433862434 0.3671413287140819 0.04009589947089948 0.006156171455743488
5 0.5801504629629629 0.3771716425514571 0.04009589947089948 0.005625467019903524
5 0.5803571428571428 0.3870958155016642 0.039682539682539715 0.005943889681407513
5 0.5813905423280422 0.39749762244412745 0.040922619047619034 0.005731607907071538
5 0.5807705026455026 0.40805864071734255 0.039682539682539715 0.005625467019903524
5 0.5813905423280422 0.41808895455471773 0.040922619047619034 0.005731607907071538
5 0.5824239417989417 0.42849076149718085 0.04050925925925926 0.005943889681407513
6 0.7783564814814815 0.23276696555940493 0.07357804232804228 0.00636845323007949
6 0.7806299603174602 0.243487195163372 0.07316468253968261 0.006156171455743488
6 0.7756696428571428 0.25330522722641124 0.08308531746031748 0.005837748794239498
6 0.7829034391534391 0.26296404795869843 0.07192460317460318 0.005625467019903524
6 0.7829034391534391 0.27241058691664966 0.07192460317460318 0.005413185245567549
6 0.7833167989417988 0.2813264214387609 0.07192460317460309 0.005625467019903524
6 0.7777364417989417 0.29220586237348 0.08225859788359784 0.0065807350044154375
6 0.7837301587301586 0.3025545988723592 0.07523148148148148 0.006262312342911502
6 0.7845568783068781 0.31285026492765433 0.07357804232804228 0.005837748794239498
6 0.784970238095238 0.3233582127572855 0.07523148148148148 0.005837748794239498
6 0.7800099206349206 0.3343968650227566 0.0826719576719576 0.006262312342911502
6 0.7864169973544973 0.3449048128523877 0.07564484126984125 0.005837748794239498
6 0.7870370370370371 0.35557197201277085 0.07357804232804228 0.005943889681407513
6 0.7864169973544973 0.36607991984240196 0.07564484126984125 0.006368453230079463
6 0.7876570767195766 0.3762694450105291 0.07233796296296297 0.005943889681407513
6 0.7882771164021163 0.38640589973507233 0.07357804232804228 0.0060500305685755274
6 0.7888971560846559 0.3964892840160315 0.07564484126984125 0.0064745941172474775
6 0.793030753968254 0.4074748658379186 0.06489748677248683 0.006368453230079463
6 0.7938574735449735 0.4171336865702058 0.06076388888888889 0.006156171455743542
6 0.7847635582010581 0.4278008457305889 0.08639219576719567 0.006262312342911448
7 0.784970238095238 0.4481798960668432 0.08515211640211635 0.005837748794239553
8 0.7793898809523808 0.45380536308674674 0.09631283068783066 0.0064745941172474775
