0 0.46508989969889325 0.2251252003205128 0.3656535339355468 0.02541065705128206
1 0.22070033684423415 0.36426555678306693 0.3535145805488199 0.025217256707660268
2 0.20079414212501656 0.38905052100508586 0.3153608682923398 0.024539114443544025
3 0.7581191189006224 0.36323736332541495 0.26681260965638237 0.027273643622964163
7 0.7835 0.5926682692307692 0.246 0.023317307692307693
8 0.7625134582519532 0.6162269298846905 0.28908123779296874 0.02672265859750601
4 0.31498576164245606 0.5277556492732122 0.5420284767150879 0.023334855299729566
6 0.8325 0.5212740384615384 0.157 0.024278846153846154
4 0.31377542372881356 0.45684023065082097 0.5385508474576272 0.02667155955885352
6 0.835 0.4520432692307692 0.13 0.025240384615384616
4 0.2678601694915254 0.5033185299869621 0.43427966101694915 0.022209093872229437
5 0.61375 0.5015625 0.0495 0.019951923076923075
6 0.8389359741210938 0.4969709689800556 0.1401280517578125 0.026250369732196514
4 0.21073563766479492 0.5515624706561749 0.33352872467041017 0.02429345937875601
5 0.6285 0.5479567307692308 0.074 0.023317307692307693
6 0.85375 0.5453125 0.1145 0.02235576923076923
5 0.6095 0.4564903846153846 0.059 0.02548076923076923
5 0.6265 0.5242788461538461 0.079 0.022596153846153846
