0 0.5153125 0.19555789262820514 0.3047916666666666 0.02244591346153846
1 0.15357692307692306 0.3564534023668639 0.20976923076923076 0.02451923076923077
2 0.7609117455115685 0.3570311439107861 0.22028502948467554 0.023973530425122538
3 0.17206894742525541 0.3799065200534798 0.2512467205341046 0.024210628532093638
7 0.82375 0.5557692307692308 0.1075 0.022115384615384617
8 0.817 0.5787259615384616 0.13 0.024278846153846154
4 0.24531208859957182 0.5156692933754102 0.38476043818547173 0.023395141059830413
5 0.6199807692307693 0.5131934171597633 0.05388461538461536 0.02390902366863908
6 0.8125 0.5118990384615385 0.13 0.024278846153846154
4 0.21476923076923077 0.447549926035503 0.3227692307692307 0.02132026627218933
5 0.6195 0.44747596153846153 0.052 0.024278846153846154
6 0.806 0.4453125 0.13 0.024278846153846154
