0 0.5157084161460236 0.17702873214880335 0.3384550939831195 0.03197735325259374
1 0.28555964567664666 0.3401250527204324 0.3094838340157431 0.031281770233027216
2 0.2638167145683566 0.3688280785246877 0.27639020902681416 0.030380330718322426
3 0.786017949929145 0.33759666864961335 0.2579121398205007 0.02795954788816181
7 0.8091639111950873 0.5416418798334325 0.20327665088421115 0.03280249328431737
4 0.2882750599370772 0.45346996958234653 0.3369978877193608 0.025714702614122367
5 0.6388757675956542 0.4535990481856038 0.052432687765706185 0.030933967876264127
6 0.8502598016060463 0.4535990481856038 0.12659423712801135 0.029149315883402735
4 0.2701335103965205 0.4815950748094687 0.3037628898138163 0.026708046647884807
5 0.6487954652810581 0.48274836406900656 0.07227208313651394 0.030933967876264127
6 0.8601794992914502 0.48274836406900656 0.11336797354747284 0.03331350386674598
8 0.7907219335537712 0.5715719809637121 0.24504015115729808 0.034081895697005725
