0 0.5130273884281461 0.18415885955739564 0.31839820531164165 0.06188779103267249
1 0.28953909487979645 0.4766782341653868 0.29436180333271716 0.05171569395687061
2 0.26878372768783726 0.5288364942238826 0.26281819357422687 0.047706994273837136
3 0.7606382978723404 0.4754582897629058 0.2382863905743531 0.05548560575343051
7 0.7874635765294209 0.8400229680741443 0.18352220027760482 0.05522922527347668
4 0.2891822118799501 0.6889686770896966 0.329781447661984 0.04887499777007239
5 0.6280614362806144 0.6825476429287863 0.045662100456621 0.05015045135406219
6 0.825041343780809 0.6807967542765013 0.11761948398259132 0.059852592445304664
4 0.2683000139804647 0.7403712062102614 0.29735597037863054 0.0506389657565616
5 0.6380240763802407 0.7349548645937813 0.0655873806558738 0.054663991975927785
6 0.8323973089196762 0.7350069311939725 0.10543388724574512 0.05878016128463515
8 0.7708592777085927 0.8974423269809428 0.22104607721046077 0.06268806419257773
