0 0.5508474576271187 0.29974739243807047 0.08728813559322032 0.006722620599739206
1 0.4513986013986014 0.3451788596019365 0.05874125874125872 0.00722834857450241
2 0.6206293706293706 0.34400215169445936 0.06433566433566432 0.008573157611619127
3 0.45629370629370636 0.35190290478752023 0.06923076923076922 0.00722834857450241
4 0.4688811188811189 0.3703940290478752 0.09300699300699296 0.006892146315223285
4 0.47640761300555123 0.38889381831491276 0.10769230769230774 0.00722834857450241
5 0.5804195804195804 0.3694694728348574 0.01608391608391605 0.00706024744486282
5 0.5816433566433565 0.3882967993544917 0.015734265734265705 0.006724045185583641
6 0.6354895104895106 0.36888111888111885 0.03741258741258741 0.008236955352339948
6 0.6363636363636365 0.38754034427111356 0.03846153846153845 0.007564550833781589
7 0.6389860139860141 0.3996436256051641 0.03321678321678326 0.00722834857450241
8 0.6377622377622378 0.4060314685314685 0.03706293706293707 0.00722834857450241
