0 0.3407778532608696 0.3094641644021739 0.33967391304347827 0.02653702445652173
1 0.3616394927536232 0.4634001358695652 0.13088768115942026 0.022418478260869623
2 0.35139266304347827 0.48403532608695643 0.1122810990338164 0.022644927536231874
3 0.3248886624396135 0.5068713201992754 0.06116017512077295 0.027272984601449335
7 0.47704370471014496 0.6223746037137681 0.10252490942028987 0.03044327445652162
8 0.46857018488040864 0.6510719872903132 0.12135902637444833 0.032491442086040045
4 0.14895644625603865 0.5743885869565217 0.07161458333333333 0.029296875
5 0.38900211352657005 0.5703125 0.050271739130434735 0.028419384057970953
6 0.4963296346618358 0.5703974184782609 0.06772720410628012 0.029664855072463636
4 0.1723395637124057 0.543547100778939 0.11750384358968143 0.02958378757255653
5 0.3887096165458937 0.541999264039855 0.04896965579710141 0.028433537137681042
6 0.4908854166666667 0.541015625 0.08072916666666667 0.029296875
