1 0.37701269106012614 0.47605433736158453 0.11765336184110049 0.02303851730581641
2 0.3468788999002337 0.5067703812450601 0.06847046106909789 0.018218748379444816
7 0.6146129261363636 0.6373734907670454 0.134765625 0.023637251420454475
8 0.6030865293560606 0.6575372869318181 0.16077769886363633 0.022150213068181768
4 0.31395916101148363 0.533903106007465 0.21029457941667848 0.02231006705483718
5 0.4902213974252492 0.531970255398671 0.0325347799003323 0.01968698089700993
6 0.6284044504429679 0.5319702553986712 0.0762821843853821 0.01903810215946844
4 0.3022433900885936 0.5660478989547273 0.20257994186046516 0.019663961226758064
5 0.490437690337763 0.5490292774086378 0.033832537375415285 0.018012873754152614
6 0.6336149467054263 0.5639534883720929 0.06759153516057588 0.01931063122923582
4 0.28968974944629017 0.5505011260905535 0.17058589424141765 0.017664691340487648
5 0.49130502491694356 0.5644677247715947 0.034693383167220405 0.018931037167774
6 0.6331823608803987 0.5477574750830565 0.06672636351052048 0.017960963455149526
0 0.33178490990990994 0.3745249155405405 0.16258445945945946 0.017419763513513487
3 0.3447878925120773 0.49288100090579706 0.05755585748792269 0.01627604166666663
