0 0.3426878182777506 0.1475695932685393 0.2714557901658458 0.04400793377680863
1 0.42064584086931284 0.3301064550804572 0.2018075444343589 0.03370840617237993
2 0.3749752920910969 0.37805305094534314 0.10703834715290277 0.030093713552315594
7 0.7892502258355917 0.56340917454454 0.2056007226738933 0.031997424613425016
8 0.7678410117434507 0.5908138911157979 0.235772357723577 0.03112542404911856
4 0.2835591689250226 0.4235226026359228 0.2413730803974706 0.03369313824966947
4 0.23523035230352307 0.5177693875104878 0.20433604336043348 0.029785448879299986
5 0.611277005989054 0.49677930363473677 0.05567543698304811 0.027417060955385538
4 0.29336110774043067 0.44782032330129684 0.29945664630775654 0.029446252594337804
5 0.6153568202348689 0.42961165048543687 0.04932249322493233 0.0299053098405849
5 0.6055555555555555 0.5225638259618842 0.05266485998193285 0.02738822965360182
4 0.29578530113659346 0.4695275457361733 0.3180951610511129 0.030380363400001584
5 0.615040650406504 0.45241519836989097 0.05537488708220407 0.025050940908546062
6 0.8270721366627322 0.42390037060184016 0.1155034231515002 0.026944554253589287
4 0.22676080708029964 0.49240339066462374 0.18514143913660036 0.027778619605667864
5 0.6139566395663956 0.47476926764952654 0.05754290876242093 0.024691358024691325
6 0.8328816621499546 0.4471712813136761 0.11111111111111094 0.024751288505333827
3 0.36629444607699096 0.3544339168973629 0.0969732588892154 0.0266437919964648
6 0.8333333333333333 0.46973510727556034 0.10659439927732609 0.02397219225698194
6 0.8301716350496837 0.49131008030684403 0.10930442637759703 0.026369411482680103
6 0.8297199638663051 0.516480882176675 0.10659439927732622 0.028766630708378364
