0 0.5267300366697621 0.13667000496462375 0.6215160337009347 0.03744223108555166
1 0.5587465727652381 0.314260191434741 0.2589762997235799 0.0342778118436064
2 0.5467188962170905 0.34866964038920206 0.23202611507577733 0.03380191844790158
3 0.48864519576411153 0.38057382333978085 0.12229184882930143 0.03575757575757574
7 0.8157485669872728 0.6118633139909736 0.20887982123773433 0.03997421018697609
8 0.79692509472457 0.6479690522243714 0.2416690955017973 0.04384268214055448
4 0.2585530602108525 0.4314161249255458 0.26186988268720385 0.04496916858862479
5 0.623396968813757 0.431611863313991 0.09567181579714365 0.03813023855577047
6 0.8285242397746041 0.42689232753062545 0.1468959487030021 0.039832366215344917
4 0.18981346546196443 0.4703675048355899 0.12489070241911977 0.041856866537717675
5 0.6258258039444282 0.4712765957446808 0.09810065092781513 0.04132817537072852
6 0.8294107645972991 0.46371373307543523 0.1499805693189546 0.03840103159252092
