0 0.6280569940163729 0.1662825366171279 0.5262801107902729 0.037850833833196686
1 0.603250548518539 0.369525271304423 0.1917510186772867 0.04044705780621727
2 0.5864631155853015 0.4060775073140502 0.16263805151464875 0.03507861703200883
3 0.5441672658886001 0.4393978699179962 0.09788520751516494 0.039056307377462615
7 0.720112653723473 0.6932098231657227 0.14240278776481005 0.04449680775937865
4 0.3876703261168593 0.49947486181541045 0.24862822510094226 0.0399624645312266
5 0.6229565368534467 0.49606914839955607 0.07023802938953114 0.039567930592185795
6 0.7568557295169854 0.49377609653310417 0.10763559187223697 0.039151838256074156
4 0.3322178586573741 0.5410739763932726 0.1475007835979129 0.03747099600789782
5 0.6156959271346129 0.5374709960078976 0.06545347272157377 0.037470996007897696
6 0.7613529509375517 0.5356695058152102 0.10232866862105205 0.03819159208497268
8 0.7106495565757693 0.7363555132805857 0.16501650165016493 0.044676956778647366
