0 0.3902017708713173 0.145321287894917 0.24446719587108365 0.03336674821949006
1 0.46216996517829595 0.3270836306550592 0.16029003394014196 0.03086199514770942
2 0.41710498732636064 0.3490544772784414 0.07058131551345319 0.029734630429559254
3 0.42521047295808173 0.3742175882785079 0.08963282937365011 0.030785602663763383
4 0.3436088749263695 0.41817946363400915 0.21161943408163708 0.03237503237503235
4 0.3854237115576208 0.44290221562948834 0.2923402491437048 0.028843210661392456
4 0.3661525259797398 0.46615337524428424 0.2552523070881602 0.024722751995479277
4 0.3159747220222382 0.4870499870499871 0.15489669917315702 0.022956841138659277
4 0.3214288311480536 0.5108897836170564 0.16289605922435296 0.030609121518212403
5 0.6148599021169214 0.41641355277718917 0.044360087556631865 0.028843210661392456
5 0.6155871166670303 0.4405476678203951 0.045814516656849345 0.02531138894775251
5 0.616314331217139 0.4623272350545077 0.045814516656849345 0.024134115043205943
5 0.6170415457672477 0.4849897577170304 0.04145122935619691 0.024722751995479176
5 0.6137690802917585 0.5082409173318264 0.043632873006523125 0.02177956723411271
6 0.7904822159681769 0.41405900496809595 0.1003556079150032 0.028843210661392456
6 0.7981179687443186 0.43848743848743843 0.08944738966337235 0.027077299804572456
6 0.7981179687443186 0.4614442796260978 0.08653853146293751 0.02119093028183938
6 0.7955727178189381 0.48116361752725384 0.08726574601304612 0.020602293329566045
6 0.7926638596185032 0.5023545478090933 0.08581131691282877 0.02413411504320604
7 0.747940164786817 0.5441477714204986 0.15780555737359186 0.0323750323750323
8 0.7315778374093708 0.5700477973205246 0.19925678672978892 0.031197758470485736
