0 0.4828732464539835 0.12974683544303797 0.574524732589098 0.035864978902953586
1 0.5529372382331418 0.2610759493670886 0.2662431687608015 0.041139240506329104
2 0.5365889734846715 0.3022151898734177 0.21797686331293675 0.04535864978902954
3 0.4883226680368069 0.3444092827004219 0.12455820760739247 0.0453586497890295
4 0.24621265199993772 0.41508438818565396 0.2631292135706167 0.05379746835443036
4 0.27034580472387004 0.46518987341772144 0.30516760863811165 0.048523206751054815
5 0.6136593644417456 0.4082278481012658 0.09497563330063674 0.04430379746835442
5 0.615216342036838 0.459915611814346 0.09808958849082149 0.048523206751054884
6 0.8036106310430192 0.40981012658227844 0.14479891634359368 0.05168776371308013
6 0.8152879630062123 0.45938818565400835 0.12767216279757737 0.047468354430379736
7 0.7810344559141793 0.6455696202531646 0.18995126660127348 0.05063291139240505
8 0.7732495679387172 0.6925105485232066 0.2242047736933065 0.05168776371308027
