0 0.421722482798032 0.1701110989154717 0.6315102332209344 0.034454313455511934
1 0.38451687318186056 0.4553121448025907 0.18933245129718676 0.03719073251981951
2 0.3526872418560076 0.5147136617412625 0.10202783502531602 0.03705490860480244
3 0.3432223155145069 0.48340982364336926 0.0989067840453231 0.031035764581412086
7 0.7861189561441451 0.6868418795170387 0.17996081724041424 0.04022175041283324
8 0.790400294586084 0.7212330131664656 0.18836037394345484 0.03863657791192347
4 0.3215318593152346 0.603577822833501 0.3220873724652062 0.03947198949566498
5 0.5946831878821803 0.6011298405141293 0.06075023959154935 0.03864905244947706
6 0.8103961529654226 0.5968621101317493 0.10596307321748114 0.03860616068684007
4 0.3312597002773324 0.6352716835731699 0.3399486044322317 0.037562461129340065
5 0.5989110246037199 0.6342208353885636 0.06077568294192973 0.03680470665608675
6 0.8146178399196411 0.6306512179215132 0.10769703946119513 0.038225039905256185
