0 0.43294955454431133 0.09249777120870871 0.20096462965011605 0.018762903528528524
1 0.45113943106312293 0.2279527226951827 0.09772113787375421 0.019073790490033216
2 0.44183883582502775 0.24647658845514947 0.08085029069767447 0.017714389534883662
3 0.42410065406976755 0.2651610517026578 0.04365223560354381 0.01927818729235875
4 0.3523404743186583 0.29465777319182385 0.12570427148846963 0.019346992924528295
4 0.3558208857442348 0.315540241745283 0.13348401467505244 0.019961183176100628
5 0.47231230345911945 0.2935829402515723 0.03234735324947587 0.018425707547169823
5 0.4727217636268344 0.3143118612421384 0.03234735324947587 0.01811861242138363
6 0.5392590408805031 0.29296875 0.060600104821802926 0.020268278301886766
6 0.5398732311320754 0.31339057586477986 0.06182848532494756 0.021189563679245293
7 0.5292272667714885 0.3530058470911949 0.07738797169811318 0.019961183176100628
8 0.5236995545073375 0.37173864976415094 0.09008123689727461 0.02057537342767296
