0 0.3777248908733499 0.18184796041837115 0.4641075660442484 0.029514440841544535
1 0.3850574712643679 0.29631737599865093 0.18119412515964242 0.02582263538438841
2 0.3408432995831525 0.3197125860037446 0.09436220580742881 0.020967784625799006
3 0.5790229885057472 0.34190223234047945 0.07742656449552998 0.02529564282552331
5 0.5753110425225619 0.575656897382568 0.0625829762425916 0.02549015016941164
6 0.7675342691355738 0.5762424631829823 0.11783294677734375 0.025908642216846897
4 0.27724770513074154 0.5779844489230578 0.2549325745681236 0.024289699461084235
5 0.5660607436607624 0.599904129297542 0.043350693275188576 0.023535253517181276
6 0.7676596016719424 0.6007983620762486 0.12076031915072737 0.02664071670905663
4 0.2876394140309301 0.6019526456117494 0.2753044786124394 0.025229092002525613
7 0.7696460592335668 0.6752181424969764 0.12300857017780173 0.027037219425867957
8 0.744104240680563 0.7001488674209413 0.14107576567551186 0.029066282303820433
