0 0.3608986975365468 0.1375363459953895 0.5012453677210501 0.03210733120258038
1 0.36889142940098363 0.26534763313609466 0.2050556190683579 0.02650394477317552
2 0.319700671485736 0.29093220163379196 0.10485945174168264 0.023432450604862036
3 0.5830203059502422 0.3177391518737672 0.08528862032046748 0.027736686390532565
6 0.7892148503157068 0.5769176189716045 0.12936662699597487 0.026840796837439902
5 0.5791398336595452 0.578376946082482 0.06630499988941968 0.02642798790564904
4 0.2532298256130988 0.5810441237229568 0.28110923686098394 0.02738530085637019
5 0.5686888266183431 0.6046497931847206 0.047871086838729655 0.02561815701998197
6 0.7903612140890393 0.6047319852388822 0.12978778253273177 0.0283172607421875
4 0.2628555081874364 0.6074073204627404 0.3022808552800723 0.027350909893329327
7 0.7939576232003052 0.6879444709190956 0.13476415635505132 0.02826215303861178
8 0.7648933124474744 0.7154058016263521 0.15344963964636413 0.030866065392127405
