0 0.3790673456508735 0.07090527094327487 0.5062360925428102 0.03238204809335562
1 0.38216229916205413 0.1973447090540177 0.2032852379305043 0.026199834774702013
2 0.33257432025003847 0.22113893949068508 0.10410928010647293 0.023708167442908653
3 0.5986101401541359 0.2485282408885467 0.09036296173508615 0.026403436905298467
4 0.26275249072986334 0.5034312028151292 0.28370993075775486 0.02411364041841947
5 0.5895515920491237 0.5050368969257061 0.06796523653713099 0.02554491483248197
6 0.8004170210159133 0.505559334388146 0.12810373904520295 0.026390603872445913
4 0.27090059963099633 0.5281534048227163 0.30062936029750925 0.02407801701472356
5 0.5780197762915129 0.5304939856896034 0.046364286640913285 0.024517235389122597
6 0.8005420192141375 0.5316181769737831 0.13115081224054428 0.027346038818359376
7 0.7993302574016952 0.6107227032001202 0.13253759405269833 0.026491957444411057
8 0.7705894779895065 0.6358665172870342 0.15469047293011992 0.028596203143780047
