0 0.5015070408950617 0.11868990384615384 0.2387152777777778 0.021701388888888888
2 0.7597554789649116 0.33906365908109226 0.18925915824042427 0.02556577829214243
1 0.2862556510501438 0.3415124306311974 0.28494564692179364 0.02107582092285156
3 0.25963424311743843 0.36280855032113885 0.23522543907165527 0.022162334735576925
6 0.7846194373236762 0.421615483210637 0.1335735321044922 0.023388671875
4 0.26882148451275295 0.4224572548499474 0.2473971446355184 0.02008963364821214
5 0.5905519856346978 0.4227012927715595 0.06395334667629665 0.023062720665564904
6 0.783527586195204 0.46189278822678786 0.13254589504665798 0.02325286865234375
4 0.2196526394950019 0.4627083558302659 0.1461682054731581 0.020795235267052285
5 0.591507805718316 0.4628096360426683 0.06439124213324653 0.0241546630859375
6 0.7815260357326932 0.50098389845628 0.13175826602511936 0.022728553185096152
4 0.29046238793267143 0.5018168082604042 0.28557703230116105 0.020850166907677284
5 0.5924832820892334 0.5020421688373272 0.06361744138929579 0.02281045180100661
6 0.784601714875963 0.5385216933030349 0.13417376412285698 0.023742088904747598
5 0.5928048822614882 0.5391079242412861 0.06568066279093425 0.023400057279146635
4 0.27831725279490155 0.5397105877216045 0.26820969581604004 0.02126453106219952
5 0.5930355389912924 0.5786185631385217 0.06586869557698567 0.023541964017427884
6 0.806228240331014 0.578917723435622 0.1005104382832845 0.023090714674729566
4 0.3109614849090576 0.5801511617807241 0.3425048722161187 0.021423750657301684
7 0.7468831009334989 0.6188645582932693 0.21861494912041557 0.02293572059044471
8 0.6935971313052707 0.6406148470365084 0.3266341421339247 0.023392662635216346
