0 0.4738227536470774 0.15405166768202294 0.6620789610909302 0.03867058684124293
2 0.7608455455480361 0.39246194689632574 0.18211294121549892 0.03118644541652796
1 0.2910746969235171 0.3972805749560482 0.28535388209511015 0.027598090241656957
3 0.26339634856853766 0.4259276002764543 0.2371139882729565 0.03142583163854444
6 0.7886538884189225 0.5019920948500957 0.12812686604299364 0.029568079149675432
5 0.5872366287652601 0.503861144125541 0.04267173815684713 0.029927625795813914
4 0.30043729551278864 0.5065282422915279 0.30784853795531447 0.02762308133426265
6 0.8084952643975584 0.5533554138102322 0.09809155636279193 0.028513333133946404
5 0.5981372225816083 0.5552546758943804 0.0627570992569002 0.029573646271117675
4 0.32453311345126723 0.5586054531458056 0.3593657993713508 0.027704434451980692
6 0.7957735681230096 0.6638552771109875 0.13589706906847135 0.03450700985925017
5 0.5911691847880175 0.666613643559889 0.044197798483943736 0.029125025681903297
4 0.2977336778256038 0.6701671534308422 0.3112981905603105 0.03156549730567577
7 0.7730693193504512 0.7217158534714131 0.18321846802016986 0.0299746821945739
8 0.7363594589719347 0.7519341480239888 0.2526301357649947 0.03262747651568742
