0 0.37731219889371315 0.17587162688413432 0.22824600011895554 0.02691620470060017
3 0.5605797095761906 0.3144632546492196 0.170908999671362 0.02759972462789779
1 0.226124832633419 0.3174447159118974 0.216027767322295 0.026050370661551633
2 0.21280012117691144 0.3406465005824387 0.19331106245925422 0.025655089238672286
6 0.602932659937158 0.38438388193369666 0.08452525836824555 0.02472830672912276
4 0.20660407174628345 0.3853549133236466 0.1840501255604213 0.026242994784806375
5 0.47320174649052027 0.38614084547261923 0.046467083097319596 0.02446126988112487
6 0.6027692176411807 0.40795504506697017 0.0848937236822418 0.027010371989018046
4 0.2705144921340629 0.40893548255976686 0.317772903129275 0.02613172943147392
5 0.46589798411983796 0.4093124341412013 0.03273333798681173 0.0237945781743941
4 0.19874298784540387 0.45415470296138205 0.16948512086463854 0.022559950801419256
5 0.4671834379475355 0.45436134780546134 0.033734531637418776 0.024175742403599182
6 0.6025770946664458 0.45457746306762054 0.08388367951650137 0.023652634454853792
4 0.2735804702612672 0.47734881804037144 0.3227333141906154 0.022431738384154375
5 0.4675037055269964 0.47765971787737094 0.035514695862901846 0.023825256540601948
6 0.6013061899166916 0.47806008020366836 0.08759642886724094 0.02478561160185063
6 0.5985968468453424 0.5464683026232383 0.09731462846539415 0.024765416618644627
5 0.466535910046704 0.5469461648054695 0.03339299359823871 0.022349350570501844
4 0.2788965561810662 0.5477585144364545 0.3272481310383892 0.024456221135323367
7 0.5787160432452868 0.6167846936948432 0.12993236703520433 0.025924441435063224
8 0.5673607488337359 0.6409186311969013 0.15621580862314038 0.02650745902347866
