0 0.5006712310377232 0.18260360930518002 0.37588938112498316 0.04123276374585272
3 0.38790441670022824 0.2492472623362676 0.12350651094106586 0.026849241508927382
1 0.6550543697140556 0.238699346029189 0.13156128339374412 0.030684847438774115
2 0.7752047254665055 0.2334253878756497 0.07383541414955032 0.0258903400264657
4 0.33286347160692714 0.3571236791132079 0.32487582225802125 0.02397253706154229
4 0.27513760236273327 0.38397292062213534 0.2067391596187408 0.022054734096618924
4 0.21808296415626258 0.41130161287229355 0.09531480735669214 0.023013635579080566
6 0.7819170358437374 0.35137027021843775 0.08457511075312117 0.02397253706154229
6 0.783930728956907 0.3782195117273652 0.06980802792321113 0.023972537061542336
6 0.7832594979191838 0.4060276547187542 0.06846556584776477 0.0258903400264657
8 0.667807759430796 0.5258903400264657 0.087260034904014 0.027808142991389066
