2 0.45268283719220875 0.2523074409866862 0.16170525542080125 0.014702278853222221
3 0.43201029033443583 0.2686433063791554 0.12587284086732814 0.015519072122845744
4 0.3921610065699938 0.3472687717279772 0.40288149193339995 0.016681905763752756
6 0.7725811908894363 0.3487493341619318 0.0824000180884785 0.01453689616324124
4 0.375322128122057 0.38323307574832305 0.3754202812220058 0.015411279739570571
6 0.7500632894867179 0.3832742195157437 0.11738675589598263 0.014224706050140897
5 0.6293095732734116 0.38396373282341184 0.06293182204813258 0.013818233745175814
4 0.37723998294425154 0.4175798409438684 0.37139287497882495 0.014958753136358494
6 0.7469471991390746 0.41816640759005147 0.12674323673942256 0.01471520077799559
5 0.6254537933585137 0.4186037638934621 0.06429020756529079 0.013897978771670547
4 0.3902037121801856 0.4520340595215761 0.3950795289656117 0.014660950629313652
5 0.6278974651545561 0.45240594872771683 0.06806308195372796 0.013542177162460181
6 0.7610662390930781 0.4866536258920914 0.09807474794566566 0.013845244157375643
5 0.6280749404049235 0.4865369147883612 0.06634185017140987 0.013449081474490563
4 0.38867831834753136 0.48723848257677854 0.3907800777481567 0.0153131189761496
6 0.7605965308343957 0.5208555977299528 0.09822884993884372 0.013184251810983828
4 0.3885652345140731 0.5216335454602885 0.392843805135764 0.014316834587876746
6 0.7619285709671306 0.5548606597743353 0.09799352475537486 0.014194195949981623
4 0.39049484045441557 0.5568800993743874 0.3944972724171518 0.014884741216919873
6 0.7615108468961033 0.589948561167606 0.10054387909574834 0.01407568514916687
5 0.628142491809939 0.5900129314965694 0.06436918764068825 0.012328952003185494
4 0.3524100861975219 0.5916028068334966 0.31912949802857116 0.015440742924528301
4 0.3889547458075285 0.6265374697531242 0.3920647825488532 0.015241649565057584
6 0.7621181029600503 0.6601696505145798 0.10113390803731395 0.013758499754962019
4 0.3871815971310022 0.6616235564933789 0.3956110799019058 0.015313697272165765
6 0.7532969751326488 0.6944552559211131 0.1222965530681505 0.014233799256462877
5 0.6306230291992547 0.6948314275089592 0.0704334711862023 0.01342462354125827
4 0.3860688859686524 0.6963261432393765 0.3996740619472966 0.01615274496778768
7 0.7572973013712789 0.7304125456096086 0.13114093078142228 0.019488117093696397
8 0.7396799106450695 0.7503149120926244 0.1705296021180747 0.020006011087968636
0 0.4939705071664829 0.12669995099240386 0.5340407938257994 0.026801029159519724
1 0.47197721425946343 0.23474638568978193 0.2021315692760015 0.016335865392469184
5 0.6295479603087101 0.34746385689781917 0.06523337008452758 0.015519072122845689
5 0.6267916207276737 0.52123662501021 0.061558250643146066 0.012660295679163566
5 0.6277104005880192 0.5567671322388305 0.06707092980521859 0.014293882218410558
5 0.6300073502388828 0.6257861635220127 0.06982726938625497 0.013477088948787063
5 0.6286291804483647 0.6596830842113861 0.0689084895259096 0.013477088948787063
6 0.760933480338111 0.4530343869966511 0.1019845644983462 0.014293882218410558
6 0.7613928702682837 0.625173568569795 0.10290334435869157 0.014702278853222249
6 0.7535832414553473 0.31397533284325735 0.11668504226387375 0.013885485583598754
4 0.38882763689819916 0.3121375479866046 0.3978316795295847 0.015110675488033942
5 0.6295479603087101 0.31275014293882214 0.06339581036383682 0.015519072122845744
