0 0.5048691088460479 0.12353382281867827 0.501027144558415 0.02129970130141902
1 0.47988582732784996 0.22877667236328125 0.1918639800991818 0.014254608154296876
2 0.46099039309299034 0.24546698838837291 0.15435096197907017 0.0144033645318479
3 0.4427987226711152 0.261025786419304 0.115722498663889 0.013888307532485641
6 0.771982560194496 0.3352725067138672 0.08213203522500688 0.014700042724609374
4 0.40240408646739495 0.33634024390395806 0.3781693084868216 0.014054206069634916
6 0.7554483780897621 0.36955014038085937 0.1152003994344747 0.0140562744140625
5 0.631435650278895 0.37008486938476565 0.05985212168677805 0.01350299072265625
4 0.4007038458947936 0.4727642844063895 0.3815697896320243 0.014675512819874087
4 0.39246432007902043 0.37059165705466757 0.35988175924924687 0.013918726706991378
6 0.7555155234761758 0.4034172668457031 0.11812699824669967 0.01478033447265625
4 0.39083482402257586 0.4041113349758849 0.3608956288907052 0.014226309640066973
5 0.6341427508229338 0.40386390686035156 0.060589378029599836 0.014381805419921874
6 0.7651337307803046 0.4371967315673828 0.10142572484787542 0.013421051025390625
5 0.634396332226295 0.4376844024658203 0.06581604205342409 0.012784393310546874
4 0.4028984531106171 0.4385204081632653 0.38167082014323883 0.013775510204081626
4 0.4015806892740852 0.302443665173589 0.37981610287344114 0.013480016591597576
6 0.7641320894784791 0.4713004150390625 0.10050536303630363 0.01334246826171875
5 0.6316106647285822 0.4723310546875 0.06329500137513751 0.012762451171875
4 0.4015802708144449 0.5067068182497609 0.3843071847355833 0.01311697574537635
6 0.7656099594334433 0.5059893188476563 0.10244519324979373 0.01361572265625
5 0.6324588788224526 0.5072402038574219 0.06296833907023515 0.01259820556640625
6 0.7676238510081477 0.5406715393066406 0.09961474663091309 0.01303594970703125
5 0.6341617193945958 0.5409884948730469 0.06011190718681243 0.01251824951171875
4 0.3996408568338349 0.5415856460259886 0.38145064528251094 0.013767483458227047
5 0.6361015160353926 0.5758959655761718 0.06046677055400852 0.01284893798828125
6 0.76814691356831 0.576039306640625 0.10184491349525578 0.0140672607421875
4 0.4000690676286468 0.5762878094108737 0.38508446863574863 0.013750911790497412
5 0.6337278259075908 0.6107217102050781 0.062146815267464246 0.01305157470703125
6 0.7702603146056793 0.6115316467285157 0.1030524561245187 0.01421563720703125
4 0.39974641280706213 0.6109243238799427 0.3879749007503488 0.012845229791135239
5 0.6359797143044382 0.6465276489257813 0.06264281823690182 0.013538818359375
4 0.3986252571709409 0.6466408834652024 0.3902172120225913 0.014881498375717455
6 0.7703807398562121 0.6466442260742188 0.10275224910186331 0.01360498046875
6 0.7630238213030287 0.6819515075683594 0.12475700084656903 0.01414593505859375
4 0.39778607224736146 0.6820087585449218 0.3889917220481814 0.01443902587890625
5 0.6360299726261689 0.6820533142089844 0.06374205535787954 0.01343450927734375
7 0.7664073444697985 0.7190829772949219 0.13320765059904427 0.01976336669921875
8 0.749466429186864 0.7385787048339844 0.16597540491353824 0.01933038330078125
5 0.6324622258144182 0.3357142857142857 0.061740867964347426 0.013265306122448976
5 0.6313396645787028 0.3030612244897959 0.06398599043577823 0.014285714285714278
6 0.7536988392716822 0.3020408163265306 0.11562380727868703 0.01530612244897958
