0 0.4263981095996284 0.17336632537841798 0.6113850673504507 0.04389234924316406
1 0.3885195964493482 0.32528134155273436 0.16473997833668372 0.02364971923828125
2 0.3501110530503777 0.3466966247558594 0.08544921875 0.0199832763671875
3 0.3451428865131579 0.3673892822265625 0.07340994494700293 0.02129010009765625
6 0.7659931621588694 0.4178943634033203 0.1012187043128655 0.022074615478515625
5 0.5535724007827729 0.423093994140625 0.05524079023513645 0.02020428466796875
4 0.3062596371299342 0.4278853454589844 0.2761198582937378 0.02357635498046875
6 0.7585899903295565 0.4590083770751953 0.11670445373416179 0.021932586669921875
5 0.5543956972237452 0.4625873718261719 0.05550077858491716 0.021725830078125
4 0.3068294473094085 0.46635333251953126 0.27529919124253777 0.0222208251953125
6 0.7760119938246223 0.49847061157226563 0.08734651978252923 0.0220850830078125
5 0.5561971504553485 0.5004732208251953 0.05362684461805556 0.020463775634765625
4 0.3065382334688718 0.5045240631103516 0.27481244479471245 0.021743499755859375
7 0.8185104756792154 0.641483642578125 0.1126253540752924 0.0227967529296875
8 0.8125639857836866 0.6628246459960937 0.1263275443926657 0.020697265625
