0 0.28238588311206336 0.11550055104969024 0.29729719929311466 0.012726496466927716
1 0.25980417755828505 0.18183973557961555 0.08479777515162912 0.010183225284110503
2 0.23992983427084266 0.19130178345837207 0.04345438727017107 0.009685537182071961
6 0.4521093171218346 0.22690176762658965 0.055698736782731684 0.012962625281094913
5 0.3457507005596526 0.22777665198457317 0.030972579429889548 0.011398065533886476
4 0.21441017969358012 0.22892591940788057 0.1481690183909917 0.010650294840023614
6 0.4499990397486193 0.2446790520074054 0.06219779705179149 0.012604804784429281
5 0.3460614361525496 0.24551882221904509 0.031057204323253398 0.010203050350991678
4 0.21400195008493472 0.2471628134921789 0.1502261223920917 0.01017894928929298
4 0.21370792315837522 0.26315144385586836 0.150595922945103 0.009622435547413502
5 0.3474467880424412 0.26220977253121125 0.03116006376186087 0.01100918391469363
6 0.4595025321989681 0.26317064123834694 0.04747003138750443 0.0112931261254566
7 0.47172467461947737 0.3279272945583902 0.05215959220096983 0.00993785621510546
8 0.4692120256095097 0.33762240350690137 0.05791552313442888 0.010769388279311414
3 0.23706896551724138 0.2007168458781362 0.03639846743295017 0.009925558312655087
