0 0.5109756097560975 0.2375222096591827 0.21382113821138213 0.026713715940012175
1 0.36646134440104167 0.36790893057202784 0.206243896484375 0.02565370113705107
3 0.6789903767903646 0.3699900024227506 0.1571551513671875 0.02370101143617868
2 0.3531795622042524 0.3888917393566663 0.1814457536402756 0.022174276340529583
4 0.3486635538736979 0.4330108533753343 0.17120975748697917 0.023350129246529547
6 0.7183468831380209 0.43452584980339404 0.076656494140625 0.022259145261557565
5 0.5973324991861979 0.43481090854638943 0.04349434407552083 0.023338003056546104
4 0.41163252766927083 0.4554947684507132 0.297265869140625 0.022877891878661488
6 0.7184429728190104 0.45603208303815906 0.07678902180989583 0.023550988701127103
5 0.5907717895507812 0.45690496661380064 0.031588175455729166 0.022177713231899515
4 0.34203887939453126 0.49879534075713194 0.15722481282552084 0.019972892057755987
5 0.5903601888020833 0.4990195975398386 0.03242236328125 0.022627625973080108
6 0.7183895670572916 0.49908960296739685 0.07663199869791666 0.0219783773242486
6 0.71909716796875 0.5202140633208497 0.07760595703125 0.022300343214706444
5 0.5902122802734375 0.5207110194606072 0.032741373697916666 0.02296293067251974
4 0.4118387247721354 0.5209441532362376 0.2983310139973958 0.021301580459198294
6 0.7117855428059896 0.5834868591899357 0.08999483235677083 0.022907989704056293
5 0.5906563517252604 0.5838343522649484 0.028422403971354166 0.020022578343893274
4 0.4128213602701823 0.5851708138650981 0.2991189982096354 0.021928380110163015
7 0.6945373331705729 0.6473404840128312 0.1189051513671875 0.02279126735226694
8 0.6834307657877604 0.6693352472399547 0.14153462727864582 0.023064946132354814
