0 0.498367474913228 0.1368764315357402 0.4737394035662168 0.038616704179517417
6 0.7694343118106618 0.4188043204032112 0.10732298418956399 0.02302731540275762
5 0.5465426449928245 0.42275220541545716 0.05270369995243163 0.023671152145319303
4 0.33885636147576836 0.42872748520273946 0.3532579892437032 0.03408288166727141
6 0.7692192715387964 0.4409986875226778 0.10801295230263158 0.02377596607402032
5 0.545581766449384 0.4458623833510976 0.05138649955253483 0.022770312216527575
4 0.33449623729914457 0.45478715827399313 0.3437813206722862 0.03620966896090348
6 0.7688978764048794 0.4644340083284198 0.10786713559807147 0.02449254892734035
5 0.5471729479337993 0.469786871258164 0.05477678517439048 0.023303417543541365
6 0.7680383766890803 0.5100862145942943 0.10706536418021156 0.023802364443486938
5 0.5454501849825045 0.5141772354635341 0.05378167277396156 0.02429677578465167
4 0.2672778619566195 0.5289769319034762 0.20124686194893254 0.03542384796806967
6 0.7747783838041795 0.5332018848081459 0.09276348543117906 0.02349093455188679
5 0.5489335035515028 0.5369461126009162 0.05900606799051858 0.023811719033472425
4 0.3067312644116035 0.5523961569643505 0.2803240166852103 0.037883821661828736
7 0.7748654959002516 0.57886897337627 0.09168425285410217 0.023433389649854863
8 0.7586795582490808 0.6023030539901578 0.12261219634852297 0.02464782094747823
4 0.3371071854954572 0.4789407780528757 0.3490560310811631 0.03813426676911697
1 0.25464902163135633 0.3281112154586073 0.18818672980027926 0.027889239875921387
2 0.4054007567939456 0.32554995873530834 0.0930816082883101 0.025043399072255893
3 0.7802565814767599 0.3212811975298102 0.1244460632550234 0.025612567232988992
