0 0.5053383568292288 0.07686957596287583 0.204122261471096 0.015957817771218033
2 0.7227688138832049 0.2083050537109375 0.15992739726537666 0.0173056640625
1 0.32254422158097584 0.20895743560791016 0.2419092914365464 0.013375808715820312
3 0.30133271020306046 0.22198139190673827 0.20173223050475803 0.014397720336914062
6 0.7447641303565042 0.2584525680541992 0.11401219740841545 0.015405471801757813
4 0.3310909380370162 0.25850567626953125 0.25996737471069414 0.01270703125
5 0.5827296815400509 0.2588760986328125 0.06034836523561666 0.0157392578125
6 0.7454328397543508 0.2823815002441406 0.11396532489172759 0.0155655517578125
4 0.2746197020863547 0.2828784942626953 0.14091417005845716 0.013053802490234375
5 0.5827118715357795 0.2828925018310547 0.06008171959432613 0.016000885009765625
4 0.3266391548016082 0.3063631896972656 0.241819911600296 0.0127901611328125
6 0.7451997188269827 0.30645863342285157 0.11506558737782105 0.015231903076171876
5 0.5829654215856941 0.30670944213867185 0.059204838795792275 0.0151463623046875
6 0.7450293015312103 0.3297601776123047 0.11485683395085029 0.014876556396484376
5 0.5828377250191215 0.3302875518798828 0.059222377187798 0.014975921630859375
4 0.29185137594117533 0.33058770751953126 0.1707024886512635 0.01297686767578125
6 0.7452404218650668 0.3539253234863281 0.11508848041163382 0.0141180419921875
4 0.30381559552618903 0.3543496856689453 0.19563352629703393 0.013274566650390625
5 0.5831525042340472 0.35448985290527346 0.059072641225961536 0.015333465576171875
6 0.744802544091207 0.3774610137939453 0.11656364542772568 0.014515045166015626
5 0.5826562880257172 0.378064208984375 0.05851921183397568 0.0152650146484375
4 0.3008524027131427 0.3785039215087891 0.18920178664996226 0.013146026611328125
7 0.6927375187179653 0.40088812255859374 0.21624049667484505 0.0143306884765625
8 0.6665143439213486 0.4142685089111328 0.26984608741755406 0.015012176513671874
