0 0.5112902497403242 0.03579545454545455 0.23145011967664716 0.013257575757575758
2 0.75350249470968 0.15749693298339842 0.18384712321569951 0.015937713623046874
1 0.3007346043304414 0.1593830046220259 0.27998316906571236 0.013052172574129968
3 0.2748758057368317 0.17161634063720704 0.23113754431643535 0.013886398315429687
6 0.7797840419718122 0.20568254852294923 0.13176339571593237 0.014627456665039062
4 0.30900441078303525 0.20643190002441406 0.29505625543343267 0.012136199951171874
5 0.5923721836505099 0.20646539306640624 0.06797974724350317 0.015088897705078125
6 0.7802364161757173 0.22806459045410157 0.13369901063012296 0.0143548583984375
5 0.5916838780956013 0.22887735748291016 0.06823871459051323 0.015523422241210937
4 0.2416486169449581 0.22961925529711175 0.16557599918599944 0.01273118637547347
6 0.7793700307740895 0.2506799011230469 0.13478813796746927 0.01427069091796875
5 0.5918706220237402 0.25158575439453124 0.06863767166251397 0.01572509765625
4 0.29831665494559023 0.25287451981053205 0.2825610178873499 0.013190354318329753
6 0.7801390873870622 0.2731425170898438 0.13379452018908347 0.014796875
5 0.5915501192323142 0.2739730987548828 0.06792353304594355 0.015635589599609374
6 0.7805156451934496 0.29664675903320314 0.1352017398385106 0.01491546630859375
5 0.5923107619079498 0.29787879943847656 0.070009962101807 0.016327362060546875
4 0.27401633340804304 0.2985658721923828 0.23280500477365873 0.012637786865234375
6 0.7811530805380262 0.3194974212646484 0.1312289515124348 0.014028778076171875
5 0.5917090062057563 0.3205841064453125 0.06903949402128354 0.0156376953125
4 0.265808327187369 0.3221679992675781 0.21891237762041846 0.01315478515625
7 0.7210473914793103 0.3425880126953125 0.253573194523682 0.01417431640625
8 0.6906816735530574 0.355111328125 0.31774643103518535 0.0152862548828125
4 0.25895316804407714 0.27632575757575756 0.20096644537777178 0.013257575757575751
