0 0.5013793400733403 0.1178945169500159 0.234016556628556 0.027754604151867417
2 0.7368395161424947 0.35610644172690464 0.1766151884682158 0.025955356264752164
1 0.30088311219826724 0.3574431644722823 0.2599659324711205 0.022089444212234462
3 0.2759656922430055 0.3789460116910897 0.2162176539755275 0.022445762748328088
5 0.5798447046524439 0.4379203790384048 0.06004570855034722 0.02351132484674141
6 0.7585568419888489 0.43807761699797565 0.1252750755375267 0.0238216389141588
4 0.3070465087890625 0.4382269794535143 0.28102208324986644 0.021495644013899817
5 0.5813113220736512 0.4777266339557927 0.06113484700520833 0.02432634347134802
6 0.7616636879423745 0.4783217307310107 0.12494454669137287 0.02314761102027603
4 0.24241056523771368 0.4788292845559189 0.15241167117387822 0.02002238051771899
5 0.5831220317090678 0.518570838686115 0.06182073609441773 0.024758055552140702
6 0.7659226376786191 0.5187424510412569 0.126458009899172 0.023503577399685286
4 0.2974776373969184 0.5196337596093955 0.27046455318092283 0.021512611563237607
5 0.5842931242070646 0.559763902633671 0.06419745551215278 0.025146484375
6 0.7694166395399306 0.5600553282971086 0.12916165865384616 0.02391707337562287
4 0.25489159608498596 0.5604645983928337 0.19054123316055688 0.022481426616181483
5 0.5858528854500534 0.6029288679353527 0.06377965160924146 0.024986221069367952
4 0.2693199529579534 0.603333973583604 0.22920486192886094 0.0236961699002922
6 0.7747804299379006 0.6032939263600675 0.13012977013221153 0.024048139690696302
4 0.257065927880442 0.6459925721831563 0.21312493218315973 0.022986995557959612
5 0.5879097702156785 0.6466504969122902 0.06814987313034188 0.02617606246311959
6 0.7805328890808627 0.6469699030250131 0.1359147031083066 0.026485640202924206
7 0.7221591264773638 0.6919012862554911 0.25611087114383013 0.026531548628868345
8 0.6904627351679353 0.7162711050702367 0.3250442896133814 0.02649991855576318
