0 0.4759873873449762 0.019413183762324725 0.6716947435020574 0.038698467876198545
2 0.7755850019427741 0.2175586363689283 0.20266219775529964 0.036616329438910376
1 0.27955317040438366 0.22762983561983305 0.29470995635924124 0.0258471499509917
3 0.25314535707830654 0.2537167343672385 0.24222065505328297 0.02804245787725305
6 0.8037846623952176 0.31852652435779166 0.14762301781300957 0.031114866812730627
4 0.3085758848380809 0.32755347324168854 0.35233503140287403 0.03043583987146963
6 0.8111507075201284 0.3723528967843014 0.1264718106655116 0.028671485539224384
5 0.5846234650889854 0.3746730989601813 0.047211452255528946 0.027673301729261284
4 0.25893189670890876 0.3797718646882983 0.2579963519239834 0.029078097834764404
6 0.7974340452061252 0.4497382331564451 0.14155179881777416 0.027372335866537752
5 0.5885852264765083 0.45304662275138374 0.04749804130146759 0.028287880535055352
4 0.24075736641835252 0.4576223364209303 0.22818285525695578 0.026548958961644904
7 0.7650968829223782 0.8835928075326427 0.1810152448054678 0.03461571725092251
8 0.7525829092804092 0.9122455130237901 0.20956486835316449 0.0387205090876029
