0 0.47885283639864185 0.12146848793853851 0.22607679374618433 0.028232470846102236
2 0.7296268297433296 0.3300910165974679 0.17711056776550094 0.02606002839606263
1 0.28372397638826047 0.3377712417698506 0.2756308600591867 0.02013974619611504
3 0.25887888338676074 0.3577428693791356 0.22783983382929268 0.021900648840818264
6 0.768075101122796 0.4086833130138725 0.11144346747650047 0.022449229498329403
5 0.5770544758582438 0.41275297920658904 0.06185538208634984 0.02348270056382665
4 0.24540050494119645 0.4161379032414914 0.19143571279027763 0.019720849251097353
6 0.760650392449498 0.44771611115717536 0.12876793025309435 0.02257785757132796
5 0.5776254866848144 0.4510927340269589 0.0618754515632298 0.022653703669582023
4 0.2570732077501022 0.4545248739374509 0.20748115977857892 0.021326732835429768
6 0.763035438819112 0.48573371999168796 0.12768788451293203 0.022289636000147404
5 0.5808365459700491 0.4886838165219225 0.060068400426202706 0.0210125041457842
4 0.30080334352923577 0.4923080668259467 0.2921849000904951 0.021371069694215147
6 0.7649070315692871 0.5240469078847697 0.12772015531950606 0.022617907893982575
5 0.5818774790365191 0.5267594695341162 0.06102774422728865 0.02273981826110456
4 0.30047080027951306 0.529709949933258 0.2896543215057216 0.02390921090883779
6 0.7833751979580219 0.5625668571680097 0.09711893536898646 0.02292388340212264
5 0.5828914152356521 0.5648205195332973 0.062241206376255256 0.021361345015231917
4 0.32672599496712257 0.5683858299655234 0.33839341670984646 0.02225396818085037
6 0.7855824413059026 0.6019421783383287 0.09925679078117702 0.024348612851316825
5 0.5851799057555611 0.60399939579034 0.06420003293218707 0.023275059474089362
4 0.28673303667377614 0.6069600487155234 0.25783714497551524 0.022754405279579403
7 0.7308273778681107 0.6421746467894228 0.21208704770697104 0.022629391972123953
8 0.7161889180909914 0.6631375358789472 0.2456074072790168 0.02190093674249869
