0 0.5187365367262199 0.11591621054342882 0.4534803374721317 0.017618097112060832
1 0.5363525742666276 0.2092730930036433 0.1681983689223594 0.014582247083559957
2 0.5217286696430583 0.22473933442279082 0.14297641569878786 0.015240573809828514
3 0.4880413338703136 0.24032473265133095 0.07696291174747656 0.014424136815731379
6 0.7035795732978101 0.2650835883260414 0.09658604452054795 0.017284587609179038
4 0.3831071695494153 0.2655355874797039 0.28059922969848367 0.014947426969021948
5 0.573327271475926 0.2656956348756039 0.0608793339801505 0.01580373130858875
6 0.7029453049311125 0.281620225791648 0.09559201197221971 0.01583505341974341
4 0.3835919083840742 0.28165576584295815 0.2813771969135837 0.01522770128135398
5 0.5724124922198878 0.28178261648763436 0.05739861387267935 0.01562624976004607
4 0.3819898455454105 0.29930159659345407 0.2810359148989501 0.016063290848157153
5 0.5697100033584738 0.2995096191531226 0.052356414684908974 0.015354739390037113
6 0.7010977703113734 0.29954231600032794 0.0931934227424297 0.015086072224132966
5 0.5714677454502185 0.3154095507412577 0.057493841037874006 0.015334774473301126
6 0.7081871555276114 0.3157424243295287 0.08082097609780552 0.015975089032905683
4 0.3778082882661826 0.3160929039124488 0.2724268555039541 0.016285623160353212
7 0.6853487857744345 0.3485896020464071 0.12106307840381669 0.017462272243729204
8 0.6734004168520751 0.36546195630438955 0.14238287410722333 0.01812858181229204
