0 0.5558942552284687 0.1193710936329521 0.2730912146289735 0.03339867744818227
1 0.2290392688869201 0.3001959094442583 0.18816985140141754 0.03012215841764187
2 0.7667095632651417 0.3016838488718456 0.19632414827641753 0.028796846397751045
3 0.24621347958279638 0.32819695253252484 0.22046069587628866 0.030683637164127878
6 0.8086098582474227 0.4065109795606286 0.11328668653350515 0.02781993275406969
4 0.308539070050741 0.4068078555821375 0.32824332011114693 0.02412577353760787
5 0.638586174089884 0.40738077842042036 0.0449194084246134 0.02803097010656381
6 0.8077329906974872 0.4584783609940916 0.11425695674935567 0.027858941624852904
5 0.6387053751208118 0.4584891347206786 0.04454932144007732 0.027627537938840218
4 0.3010730043391591 0.4587929697715089 0.3135648684157539 0.023316770417919717
5 0.638486453970683 0.535379369887348 0.0457042827802835 0.02821512900635787
6 0.8076111720763531 0.5367843755618299 0.11375216454574742 0.02786401724715612
4 0.2989077853173325 0.5370348367730943 0.3189880496939433 0.026588152642030596
5 0.6387463253060567 0.611723991617498 0.04545747422680412 0.02680662785613886
6 0.808377219917848 0.6149691657541188 0.1178674190560567 0.031117842287199268
4 0.3060204448896585 0.6167231603646378 0.3439907427915593 0.02890550940605387
6 0.8080191386114691 0.6901727780138598 0.11312167767396908 0.025562493870946654
5 0.6385282850757088 0.6902838671057793 0.04337422479059278 0.026527053641474896
4 0.30055451383295745 0.69805908203125 0.34434713776578607 0.030260668638859834
7 0.8182825839642397 0.7433847403426549 0.09966530082152061 0.029936020344371077
8 0.8042244885631443 0.7719740927468782 0.13403753221649484 0.028646876123659782
