0 0.39108284926426645 0.13396048157079923 0.4534113298928719 0.02637110153350496
1 0.40635363470170094 0.22312671858277078 0.17295945984427155 0.019274964190475724
2 0.36573264108583886 0.24109536019345815 0.09017218804839496 0.01686331638830275
3 0.5933892726345555 0.25570993458557345 0.07571894364347195 0.01880572579039356
6 0.7592743869219307 0.4291301475705007 0.10881905407397374 0.01810894815496471
4 0.2756724807451356 0.4312665117254046 0.1561809814079631 0.016653254479496227
5 0.5767544323786493 0.43130664727959966 0.04199735416799465 0.0161931958619798
6 0.7586869118713347 0.4458241614729101 0.10880952997514023 0.018553618010769043
5 0.5775613663209938 0.44666778051989536 0.0429664467865566 0.016993530303145533
6 0.7606082587507171 0.47720810014507026 0.10870289741761219 0.017718614293699805
4 0.31769350509993705 0.47736397820048215 0.24346458516760422 0.016491018904766976
5 0.57854440271824 0.4784133105302385 0.03927134543520525 0.01660881126034315
6 0.7612364135306444 0.5071653698911688 0.10645608157907317 0.017493457102549282
5 0.57827013357144 0.5080311808396965 0.03955495193380291 0.015865575660896813
4 0.27470226764435796 0.508354285419582 0.15707525071412068 0.01690428736842906
7 0.76245885962798 0.5547576406687302 0.11053065290747706 0.015937350271507666
8 0.732238738406744 0.5707939484021356 0.14219417309408466 0.017704205897116087
4 0.26844383852470105 0.44749951574691693 0.1436168552071517 0.016886774179128976
