0 0.38214766083571017 0.14041877801696337 0.43687371148003473 0.022713109066611843
1 0.38588562355269107 0.219137417213422 0.1697223897373758 0.01614629656152995
2 0.3445864375856402 0.2347196126631764 0.0905012552230648 0.014923712514285094
3 0.5711808262732361 0.2519684129376616 0.07763126866715214 0.01813220167401895
6 0.745589095827133 0.41178445255055146 0.1085420154389881 0.016020563241744067
5 0.5558268875041336 0.4121897631508401 0.03929591910548942 0.01688422015084817
4 0.294922117203001 0.41353220590250905 0.2585777000144676 0.01673755311129386
6 0.7455093303054728 0.42819204419020895 0.10891300584904101 0.017519861305953302
5 0.5678939254195602 0.42929787335627095 0.06176764271246693 0.017414829187225877
4 0.29492849521536046 0.42977399796524285 0.2593406394675926 0.01659605106948207
6 0.7540869334387401 0.44459091202270384 0.09375445653521826 0.01826878597861842
5 0.5692786645636987 0.4459522196136884 0.06163565822379299 0.01740569595951045
4 0.29438245662305723 0.44620009226449625 0.25776112067005624 0.017635632840718524
7 0.7495810533957507 0.5433756825355553 0.1135038829985119 0.01909090244856166
8 0.7297270921172289 0.5606354673088396 0.12801287615740742 0.01725644642108488
