0 0.4862913314535553 0.19897549809025636 0.6985337198718593 0.035538578315877964
1 0.287347850881421 0.428206267738154 0.3050123877791376 0.024331276414424976
2 0.7880011737261378 0.42821589297626944 0.19194862463955203 0.026591896893123766
3 0.25851105347552866 0.4545693430472221 0.25744565600830427 0.02823827956294731
5 0.6017224225875134 0.5809457822236704 0.04182183043298462 0.025621811470415843
4 0.2945320336774354 0.5828513082370589 0.3298278066392279 0.02474671313934477
5 0.6133454722566837 0.6071051911093287 0.0642718532054721 0.02603568164640918
6 0.8378716333741282 0.6071836089334742 0.09947481823922567 0.026062855245095013
4 0.3198631679551284 0.6088663234880152 0.3814131337003476 0.025908851435248025
6 0.8282064238672434 0.6331296659057256 0.12183953150147532 0.026402736110254194
5 0.6145750381404238 0.6332037757203233 0.06430861400773426 0.025808050037018755
4 0.31734122193081354 0.6355939979967454 0.37646114365737327 0.02655029296875
5 0.6138735704326493 0.6599302451914179 0.06582584844979435 0.027711286478899307
6 0.8177538259176055 0.659943500605411 0.1427628895073319 0.028759428214461993
4 0.267431671186237 0.6632457254904985 0.2795801776673149 0.0283886381339462
7 0.7723112092679832 0.7368130622705609 0.22497606618551055 0.02657583976662759
8 0.7549254890845739 0.7631306022199685 0.2673053877889172 0.029005436647797384
6 0.8156683460844685 0.5810120606034594 0.1430615164520744 0.03326323018155282
