0 0.4861150125161288 0.12487483472764933 0.6786505080472283 0.052270014298607746
2 0.6247988715845877 0.27697129149263244 0.1275781761289267 0.02078893748597037
1 0.4766601882055792 0.27844224188987143 0.1636125015338678 0.02119473202403476
4 0.3732771229369478 0.3311170692502565 0.39277220721020123 0.020469105751346844
6 0.8041713215293684 0.3443162740958905 0.0902712517383835 0.02013211277217483
4 0.38575784573380234 0.37355238012682784 0.42740050310863875 0.01986313844840303
6 0.806857795116165 0.3869538246025606 0.09164834546793194 0.019497397252998334
4 0.4690623512613041 0.4162974019310602 0.5842455973346026 0.019823685806240957
6 0.819032455364447 0.4295061169189328 0.07479605949361912 0.01919842206740636
4 0.2560137066484802 0.4587635805571367 0.1750263706154621 0.018850468439343893
6 0.812875701744519 0.47243252749807596 0.09850978352012435 0.02288808964533094
8 0.7698837519940281 0.5108194444166079 0.18309530687581807 0.027815809489642126
