0 0.523076923076923 0.1286140376196662 0.1628205128205128 0.014913166883148117
1 0.5032051282051282 0.23300620580170303 0.0871794871794871 0.013951027084235313
2 0.5858974358974359 0.2303603213546929 0.07051282051282054 0.013469957184778954
3 0.5272435897435896 0.24310867369028724 0.13910256410256408 0.01298888728532256
4 0.43141025641025643 0.3256121614470583 0.19743589743589746 0.014432096983691706
4 0.4089743589743589 0.3602491942079185 0.15256410256410252 0.012507817385866166
4 0.485576923076923 0.383100014432097 0.316025641025641 0.013951027084235313
4 0.36955128205128207 0.42976379467936693 0.09166666666666666 0.013951027084235384
4 0.40448717948717944 0.46632510703805263 0.16923076923076924 0.015875306682060886
4 0.39615384615384613 0.5002405349497282 0.16410256410256407 0.017318516380430103
4 0.39775641025641023 0.5396882667051524 0.17371794871794877 0.019242795978255678
4 0.3618589743589743 0.5791359984605764 0.11474358974358974 0.015394236782604528
4 0.3541666666666667 0.6058353778804061 0.10448717948717946 0.016837446480973673
5 0.553525641025641 0.3236878818492327 0.030128205128205156 0.015394236782604528
5 0.5532051282051281 0.36000865925819026 0.034615384615384624 0.0149131668831481
5 0.5506410256410256 0.4321691441766489 0.03333333333333333 0.015875306682060886
5 0.5493589743589744 0.4677683167364219 0.0371794871794872 0.014913166883148171
5 0.55 0.5050512339442921 0.034615384615384624 0.015394236782604528
5 0.5474358974358974 0.5444989656997162 0.03461538461538453 0.016356376581517316
5 0.5451923076923078 0.5837061625054121 0.03525641025641022 0.0149131668831481
5 0.544551282051282 0.6101650069755136 0.0378205128205128 0.015875306682060886
6 0.6615384615384615 0.32176360225140715 0.05641025641025635 0.015394236782604528
6 0.6599358974358974 0.3583249146100929 0.05705128205128204 0.015394236782604528
6 0.4653846153846154 0.3960889017174196 0.06025641025641031 0.013951027084235384
6 0.6644230769230769 0.4321691441766489 0.0506410256410256 0.015875306682060886
6 0.6653846153846154 0.46945206138451917 0.05256410256410258 0.016356376581517316
6 0.6647435897435897 0.5052917688940204 0.05384615384615387 0.015875306682060886
6 0.6621794871794872 0.5457016404483571 0.061538461538461604 0.016837446480973673
6 0.6628205128205128 0.5868331168518787 0.06410256410256408 0.01828065617934289
6 0.6666666666666666 0.6125703564727955 0.055128205128205154 0.014913166883148171
5 0.3590255591054313 0.39400324084341853 0.029020234291799816 0.011588712593933499
7 0.6607905982905983 0.644633665271564 0.06196581196581197 0.01763922964673439
8 0.6517094017094016 0.660669328586777 0.08226495726495728 0.018441012812494963
