0 0.5197784810126582 0.08727764979694587 0.18635724331926867 0.02018666729997387
1 0.34326239691840277 0.2115561441751925 0.2410185072157118 0.02451500525841346
2 0.7202700932820638 0.2169727757246961 0.16023733350965713 0.019789990967254926
3 0.319636238945855 0.22256109966495172 0.19990242852105033 0.02298259914033185
4 0.30306228001912433 0.25784839012236654 0.17221762339274088 0.01945000338956965
6 0.743580076429579 0.26448900748820064 0.11775843302408855 0.01991877934573366
5 0.5864134682549371 0.2677849727246521 0.06003167894151476 0.018914752933962633
4 0.31196688546074763 0.2843967745496453 0.19081783294677734 0.017878739367133755
6 0.7444442960951063 0.29049396335966815 0.11662712097167968 0.019604919700789557
5 0.5866826163397895 0.2922977545322516 0.061622407701280385 0.01809650394900133
4 0.36217744615342884 0.3125011355821754 0.30497716267903646 0.021239184677190822
6 0.7588230556911892 0.3152299777204503 0.08967658148871528 0.01747399497732958
5 0.5864164564344618 0.3167221326989036 0.0626114739312066 0.017654810196314104
7 0.7091388702392578 0.33988560431446413 0.18588723076714408 0.016790393593163696
8 0.6955468707614475 0.3540816220587086 0.21308581034342447 0.017937083479909317
