0 0.5490316728107324 0.1327005467682313 0.29489802280871225 0.038563098098257816
2 0.7687689180943721 0.35962057817266424 0.20201776805369448 0.03205312150831796
1 0.21792975830265063 0.36206101451098716 0.1901354125228812 0.03280660432259151
3 0.2355362978317471 0.39424114248944736 0.2240774087482353 0.03481026864890749
6 0.8037552417328675 0.5065148794150379 0.11190146289959801 0.03148987994156144
5 0.6355454122125646 0.507565501599523 0.04461197904204154 0.03141956134497375
4 0.2425316464481091 0.5171167761188901 0.22251203925467194 0.03645714403687216
6 0.8012512580906633 0.5631457706585645 0.10952127874353944 0.031887128052727726
5 0.6355320929020506 0.5659649748266352 0.0448480813463103 0.03192748330643445
4 0.312524307741688 0.5770312687054395 0.3528309540215532 0.036827442459296963
7 0.8075382764270076 0.6198658764565302 0.0915361436548861 0.02835114183544977
8 0.7998506274376675 0.6483842587768693 0.10472744858465735 0.029296667161783484
