0 0.4668501793550541 0.06232780856527611 0.5485011537793887 0.03484332477674527
1 0.5111316298884819 0.19787425475361747 0.1946473585330869 0.021439410059987028
2 0.4947331709508799 0.21642345027700935 0.16194513816445935 0.017575690718476412
3 0.4579352391302499 0.2325668236006404 0.08888866939461629 0.01705893035374108
4 0.3260816067500454 0.2801294784446944 0.3429156166375635 0.0208024991007012
5 0.5645415551084565 0.28102978658119526 0.0672191514678202 0.02170872471830415
6 0.7203157643621304 0.2817335512232997 0.11474835267087717 0.025278964704422018
4 0.2546997734700993 0.3291288739512403 0.1994238245815947 0.02549828753242542
5 0.567113425112255 0.3300100145946062 0.06882719308440675 0.024150348668277803
6 0.7220823512194984 0.3300959467114796 0.11973795454803157 0.027790054736898103
7 0.7043971489406635 0.3798006208644921 0.15081534641747552 0.028924845535931422
8 0.6907048550676366 0.4059602611259728 0.17597804187171173 0.029498504757417315
