0 0.5043310772700935 0.11968151887257894 0.4541263722758349 0.02365779558817547
3 0.7255811827245895 0.2704596996307373 0.17680212824990454 0.02387094497680664
1 0.3320134584384149 0.2754775905609131 0.25231663224167833 0.020670604705810548
2 0.31729509000137235 0.292012357711792 0.22536421890414174 0.01805967330932617
6 0.7716649010807822 0.3155710411071777 0.09677148885008274 0.02207408905029297
5 0.5872210407451312 0.3198944091796875 0.09411285462544552 0.021097564697265626
4 0.3700375527811148 0.32206944465637205 0.33974346463889066 0.021601085662841798
6 0.7733773349987271 0.34947708129882815 0.10209578069310081 0.025355758666992186
5 0.5883982361212767 0.3532136917114258 0.09570909177698575 0.02197975158691406
4 0.3548419664930666 0.3538973617553711 0.31391479430033575 0.02055450439453125
7 0.7342059102417738 0.41834545135498047 0.18759876258989944 0.022981338500976563
8 0.7343071589887507 0.4375598907470703 0.1883285739999682 0.023349761962890625
