0 0.5346090771622687 0.06250970931454532 0.2811321960258129 0.02101781030969288
1 0.2094442971894767 0.18613836484693053 0.1847579455910365 0.01974935317492444
2 0.7469263411308582 0.18677988153547526 0.2033917436385854 0.023036532304388724
3 0.22667607663348188 0.20570092303588777 0.21820963354478148 0.01982736011037349
6 0.7816779480506937 0.25925559818729954 0.13187615963287092 0.020776469590426845
4 0.2976884277062967 0.26021228247208855 0.3516116369860552 0.021640690055977053
5 0.6195901582267107 0.2602929398362324 0.047930322069077054 0.018994297241241055
6 0.790534082536659 0.31257606429168977 0.11648849127551754 0.019610973690399085
5 0.6292076001159072 0.31427506438132247 0.06526304292157849 0.01977135474494202
4 0.3003958668634767 0.3145713100249815 0.35208456292791296 0.019841952527448803
7 0.7983925256186206 0.3479366984862679 0.0991242525562464 0.019132089414862448
8 0.7825261226257009 0.36627421648508823 0.12995855365421938 0.01849155910745127
