0 0.46333206812914024 0.11313459931073559 0.6759037414299903 0.02299384762138937
2 0.7659607829588411 0.24594756048784433 0.19138109046994276 0.01862192494366522
1 0.27722262496186645 0.24754394502199473 0.2942967305656608 0.01628295085022757
3 0.25088793070821713 0.2625554632652606 0.24518062392193923 0.01604129404524631
6 0.8000204071743797 0.31970525684383927 0.11802149182967557 0.017081535299410994
5 0.5935635793510075 0.32015270250648015 0.06432191554196638 0.016168390098836864
4 0.3173278790673857 0.32141275964198596 0.37434719621050166 0.017482083959275346
6 0.791062718479338 0.3354040161307116 0.13762936729301234 0.016669947439463352
5 0.593531699860999 0.3361834417576452 0.06501158055178362 0.016228147031919323
4 0.2607032654919627 0.3367829429484844 0.26119276529470054 0.015792941093898737
6 0.7992844730003119 0.3504308657893563 0.12256052909846595 0.015827191664683483
5 0.5937774891161737 0.3512391676396656 0.0660196820638212 0.01597889351424917
4 0.3151790150739274 0.352010923927594 0.3729390868423829 0.016871441891509995
6 0.7917779730966493 0.36514632285407245 0.13775272783782297 0.014969736323476916
5 0.5935411078049306 0.36595382581490216 0.0658772905924288 0.01538820915821335
4 0.26098952234596345 0.3665690723911233 0.2644956793703896 0.015277090894217039
6 0.7917348219938161 0.3795931496999197 0.13910503465850704 0.01655101458382913
5 0.5848576830753633 0.38077132285407245 0.04967172189243247 0.01560698867354831
4 0.3145849750942156 0.38099135154204844 0.3738633859738559 0.015895169896775346
6 0.8105050141294774 0.3946011746173697 0.10429621554793013 0.015232934093883864
5 0.5939271919039929 0.39603253763553814 0.06711702464401056 0.016920856837146003
4 0.31442874050532377 0.39656291309848735 0.36938106516705355 0.016482251987520822
6 0.7925581335671426 0.4544398849320264 0.13766327173095272 0.018298055148589957
5 0.5838636845192766 0.45539785509504405 0.048180679258569434 0.016719333334572824
4 0.3177823365189647 0.45574142114711 0.37526180963969835 0.017558109187217397
7 0.7483576776277158 0.48269232087677744 0.2267976089988256 0.017052571924455615
8 0.7306229506810132 0.49949565380882616 0.2626095478911296 0.018688029416795572
