0 0.5253442218858655 0.11223883986613628 0.2542454513008388 0.017116727967174606
2 0.7285855069557573 0.216692464835078 0.1882851146545216 0.018371913253114207
1 0.2240081127479587 0.2186317011000902 0.17049988530202043 0.01710386045707172
3 0.2397838187536008 0.23430752107293723 0.20167247580633146 0.01654176189797114
6 0.7641785094788024 0.29221896908820766 0.12388320796745868 0.017038925916147633
4 0.30676646393268486 0.29432802430855326 0.3330044658488706 0.017335791039713864
5 0.6112573312030654 0.2945992347931827 0.046541809353643514 0.015712261905679575
6 0.7720104491566672 0.32190832694175503 0.11226340243563256 0.018412984764276025
5 0.6101443999448705 0.3243916929797345 0.04581749704485855 0.01659593172830846
4 0.29955139936191294 0.32458843876707416 0.31730355992108034 0.01887443704327516
6 0.7724703275240384 0.36752981779665916 0.11253873966942149 0.018184652455522324
5 0.6118103531766529 0.3694501969987204 0.04555030817903687 0.016978553203626047
4 0.302808690055949 0.370344736920711 0.3212704958615603 0.01712922904076221
7 0.7809453674432811 0.3975366518070501 0.09515485624106007 0.016029723006983843
8 0.7663708084795177 0.41319665593588123 0.1250523823655038 0.016783794747471634
