0 0.4840863642359215 0.1219708266435498 0.6172618344199694 0.016551308665840033
1 0.3113939059179242 0.2246951186936668 0.2712775117358176 0.013645372257489125
2 0.7514241459159503 0.22695123102744777 0.17304964848202412 0.014507105631467506
3 0.28706928009682514 0.23660882557095309 0.22448150727524221 0.014163213639846428
4 0.34435180617683203 0.2827976990148382 0.33845517700566347 0.013837199333064197
5 0.5960356318287787 0.2835578901300626 0.057678686449230625 0.012321924742123649
6 0.7796422384430209 0.2844133042673181 0.10781382644792459 0.012414740661250988
4 0.29516232847080404 0.29443040762794953 0.24029360136362557 0.012224796294160295
5 0.5949623316616998 0.29573599355000163 0.056553385540344794 0.012020787933776035
6 0.7723791707975162 0.2959636403613565 0.1220898845637823 0.01182289435308463
4 0.3412744759788629 0.30616875710601765 0.33811562256972477 0.01307925629860928
5 0.5943592943873237 0.30716487080950927 0.0555806261427859 0.012381817400062615
6 0.7765447506426315 0.3076581243408911 0.1140492447966138 0.011804678746210124
4 0.29597920125016325 0.3178361590481232 0.23793374151444363 0.011563209314444371
5 0.5943762828513844 0.31867409305587596 0.055021848359731194 0.011735742650935934
6 0.7724872577516504 0.3190835097393636 0.12272096767251615 0.011789713627488136
4 0.3416948289494384 0.3289956802621606 0.3325156585786118 0.011929806448556552
5 0.5898091278539965 0.32982661445631756 0.04824703877457732 0.011574827395860797
6 0.7714005676084014 0.33057108888392267 0.12645028065040845 0.0120273532761831
4 0.34097552661837777 0.3406925779705214 0.33271074150108637 0.01274062623582916
5 0.594712393624442 0.3415933654769065 0.05667842412792078 0.012769687530895728
6 0.7861847341241808 0.3419836815196167 0.09760657777177527 0.011261074831515292
4 0.3423099459848143 0.3865420972329785 0.3392701772208634 0.013665180925388874
5 0.5828364178040107 0.38691598382814557 0.0410787472246628 0.013180278895745452
6 0.7723157239177669 0.38742286214883065 0.1209667634819054 0.01349692793468231
7 0.7304153906175793 0.4097654512115245 0.20119752275182845 0.013320951011732139
8 0.7138531345726871 0.4224548420301378 0.23351429298655965 0.01411477814806881
