0 0.5391214928519886 0.15907890824792031 0.27172077826596586 0.03258986474587811
1 0.20910199417758552 0.3550867135926853 0.197453798398176 0.03102644704269591
2 0.7683301271542707 0.35611859245235306 0.2085597689439045 0.033906724140225726
3 0.227605837380972 0.38714578813751066 0.23185165043839712 0.03185827200010647
6 0.8210119842623584 0.49811712261765334 0.12142488615151906 0.03071605155983816
5 0.6397919109749131 0.5008013801639694 0.04688046864942714 0.029575536360732537
4 0.2916406578433256 0.5081027237276405 0.3579875266392371 0.03531762404173765
6 0.8240108784637294 0.5841628222489885 0.12289111277838569 0.031122190095293868
5 0.6443156154958645 0.5865007494742867 0.04886552553343847 0.031204623948573255
4 0.2317151306340918 0.6020420262923233 0.238761359704879 0.03788451108656303
7 0.837060553160804 0.6427146066798871 0.1024706100951017 0.0297151581798339
8 0.8298574304236933 0.6722222037372232 0.12261755459095006 0.030755646427810902
