0 0.48797498797498795 0.13360446356547462 0.3457190957190957 0.037532490812942555
1 0.1475098533318443 0.3273923811844582 0.2289809373320726 0.028894131591993815
2 0.8054938451666968 0.3332210662833591 0.2340470130997475 0.02754876510402662
3 0.16573435208612822 0.3590004026777612 0.26647460776031334 0.028119400323927804
6 0.8619596436368897 0.472414177250689 0.1335751605526996 0.02794514076784754
5 0.6536137744633839 0.4731293504165686 0.049706749413780664 0.026943402701919198
4 0.24281759110708084 0.47354095614895636 0.41874395373235707 0.02793637691373689
5 0.6560022483484398 0.5571314664770436 0.054723492833844395 0.029447206280250066
6 0.8650477759364478 0.5572744617221111 0.13969587993025492 0.03053310360437954
4 0.2561739985331599 0.5604323212515125 0.44150813305934156 0.028506880839943533
7 0.8810816146021224 0.614369444963784 0.11779168639520202 0.02872450013864614
8 0.8744802763967803 0.643741026075978 0.13933824151109309 0.028564190537610917
