0 0.5094339622641509 0.14619042958066802 0.18962264150943395 0.024182265187326163
1 0.29523912811279296 0.28992820462694535 0.2968059234619141 0.025124357501144338
3 0.7646423034667968 0.29135165361503945 0.20279425048828126 0.025502768019768463
2 0.2772130355834961 0.3107546776360333 0.2639920196533203 0.02320852038116036
4 0.34461904907226565 0.35093812357553594 0.39817901611328127 0.023948541384555235
6 0.8055535583496094 0.3525957393326118 0.11925042724609375 0.023209041889971773
5 0.6013921813964844 0.35286619752727344 0.10543756103515625 0.024270424073085137
4 0.25288301849365236 0.39201606887849977 0.21841444396972656 0.025377326525308972
6 0.8200772399902344 0.393956063031641 0.09633270263671875 0.02639795651987336
5 0.6008310852050781 0.3942679253008659 0.10580401611328125 0.024322127946673787
7 0.763780029296875 0.47551698658500535 0.2040799560546875 0.024390818107262742
8 0.7474349975585938 0.4976408617650004 0.2375341796875 0.024362768383334604
