0 0.4964723431704564 0.19359780680535396 0.1763828414771811 0.04515400741815838
1 0.29022150219611403 0.4254759462624476 0.2968951411217264 0.038303258484014675
3 0.7542887993578641 0.4299291710683635 0.19601531598552968 0.041811026967046645
2 0.27118780627940436 0.4616650595355084 0.2701564404949452 0.03729956924790356
4 0.33794779147741927 0.5327586559879455 0.40448464687515356 0.038847738142033544
5 0.5984037867132223 0.5333684957252358 0.10459746354780856 0.04125444264281971
6 0.8012545363708112 0.5340090705663653 0.11931571720531152 0.04183121847156709
5 0.60077806388807 0.6066855632534067 0.10795228586256879 0.04457598352332285
6 0.8209273140385466 0.6067984207121331 0.0923965742003243 0.04548744185665619
4 0.24181870394532787 0.6070314291388234 0.22412957485366916 0.03676394416601153
7 0.772706853518696 0.7584912314105083 0.20819926711748232 0.04575471698113207
8 0.7585097738781815 0.7997090273683176 0.2412649190650796 0.04453165946016772
