0 0.5502435135785737 0.14971731822302142 0.2728601338488159 0.03951340105594344
1 0.2243514441009751 0.39280814597134217 0.16046165523672462 0.03755216583861367
2 0.7723700042954065 0.3952352263044835 0.20833194130345395 0.03442941598262289
3 0.23885897299400846 0.42842940698204685 0.19588242150787125 0.03713615171370968
4 0.24359919038930333 0.5672556981146794 0.24610111552073544 0.03472538492463518
5 0.6336414767387218 0.5712006505916378 0.04781273863369361 0.036901649205549156
6 0.8287326439878995 0.576327622467838 0.10124043629581767 0.03680725566436252
4 0.2302632324677661 0.6732380622359831 0.2107873787557272 0.03616341445852535
5 0.6338056750763628 0.6809063280049923 0.04837802514097744 0.03657264064900154
6 0.8181640625 0.6855792020689324 0.12100104998825188 0.03397237423195085
7 0.8248431901286419 0.7496592531922043 0.09972841650023496 0.034469056019585255
8 0.8141837442727914 0.7833234326996927 0.11766825511043233 0.03286830357142857
