0 0.40139202515652983 0.03551280970657006 0.16933231737910495 0.020076312037122235
2 0.540945616126196 0.1448089057877219 0.13042303954800588 0.021313043176775147
1 0.19371456537973072 0.14796924117048815 0.1168281118632176 0.017227313701923076
3 0.20381283082488633 0.1647188337879068 0.13798492304435866 0.017976984328772188
6 0.570577247795981 0.21018855890578772 0.0755223906279604 0.018974392682137575
5 0.4646306704643686 0.21230879021819526 0.041370456893591326 0.0184372977533284
4 0.24754807622923278 0.212622785398946 0.22707921729570268 0.017119704026442306
6 0.5771832684758668 0.24374745024731878 0.06446931469661804 0.018492178832285502
4 0.23029979895172176 0.24558300492326182 0.19337676735979537 0.017708574103180472
5 0.45791592440762363 0.24559209880038832 0.03131582268082134 0.01798087035410503
6 0.5771726757886511 0.277091273922892 0.06456302991189844 0.018449201414571004
5 0.4645662123436908 0.278314924070821 0.040850767632152334 0.01907616609652367
4 0.2178750509744162 0.2794570399177145 0.17021109236601223 0.016909584180843196
7 0.5777830736074271 0.3106056709966716 0.06525012063636794 0.018126791327662723
8 0.5727006190199886 0.3279467628975592 0.07494959916161424 0.017788172614644972
