0 0.5520312255647558 0.070021505270412 0.27315637971956486 0.023541484840906443
2 0.7767830961556875 0.2530931414979877 0.2053401250119686 0.030030773532006047
1 0.21962996635889925 0.25490364977108537 0.18451571747609274 0.02842463309697275
3 0.23619848665539125 0.2836366207835029 0.21702010564902696 0.030581387606534092
4 0.3086231864306809 0.36508083250282564 0.3496075399713651 0.025013615075910312
6 0.819026717642905 0.3652525423558926 0.11712223375861738 0.02958659808773216
5 0.6405831800480539 0.36528215007465026 0.04574326654358962 0.027958725437973484
4 0.3079179042785481 0.41972255613563814 0.35188844550025733 0.02526464676693854
5 0.6488078251418279 0.4199983628497678 0.06490325635532362 0.029359998358076737
6 0.8177043048415956 0.42019444500129827 0.11777915063373708 0.02924586321251833
4 0.30785240427555594 0.47293247435449504 0.35443018223307043 0.0268330653275446
5 0.6475231180881368 0.4741726872508477 0.06695213011058981 0.029564492979823435
6 0.8169456315378447 0.4750517008940845 0.11755600180127346 0.02761154696855144
4 0.3063125522690959 0.5537191411500336 0.3555034635990162 0.02664957204988392
5 0.6369379015089406 0.5549572956760142 0.049115698532051895 0.028132970964687195
6 0.8162208770436375 0.5558407243745418 0.12064576925148411 0.030231673463465298
7 0.8254321831389434 0.6108615312175434 0.10266861318400516 0.0285013894298326
8 0.8088267168200641 0.6384689316138961 0.1362118613258809 0.028592196377840908
