0 0.4934840871122659 0.06960187163058082 0.3279006304401911 0.04308089081931365
3 0.7650324128299156 0.2634986271704978 0.25521928197360677 0.043974402270830874
1 0.2688267730281716 0.26596640458855153 0.31979906689989696 0.03538475685624409
2 0.24980176988538805 0.29911938326570625 0.28536621285383146 0.03400716799644081
6 0.8189389119530024 0.39883616110327563 0.1425484601893642 0.03403598374364957
4 0.35160298729242295 0.4002597715092967 0.48409028105683377 0.03035884633632148
5 0.6320684843198097 0.40096800719407194 0.06585530471202904 0.031297766644021736
6 0.8182028107216445 0.46693113215253573 0.14151900694171898 0.032091598654965144
4 0.3504053232621174 0.46702239644099275 0.48887803393593016 0.031163668136740902
5 0.6224466416674843 0.4675656122160769 0.047713203370290426 0.031047626343927222
4 0.2533278628458595 0.5324433007627895 0.3049943429895997 0.031216078760042534
5 0.6343750958165718 0.5337934872603822 0.0684258717008438 0.034423539679081995
6 0.8377256671899529 0.5343692541573133 0.10721153846153846 0.03567556803077741
7 0.7744107664099293 0.6024552978054112 0.2294889680631868 0.03476407892987949
8 0.7574487419667386 0.636941776383802 0.26693538743622447 0.03464143172554348
