0 0.511690046760187 0.1317010522827077 0.47428189712758845 0.01739995028585634
1 0.3192735339453321 0.2031392840168057 0.24687538834994208 0.01709046578365803
2 0.5265537330765045 0.2042908883053303 0.16210787664195578 0.016686492851649887
4 0.33472926535443936 0.3932854227838367 0.29976886451124907 0.019106021722750437
5 0.6088584945770447 0.3950336407939504 0.054868464957258264 0.01775132344487944
6 0.7677303153670623 0.3956408973597129 0.10028926260724574 0.017701803497079293
4 0.332296061850263 0.4314145081795302 0.3019546783997683 0.0193254630600609
5 0.6083029706874686 0.43302182798032407 0.05609265405811623 0.017318236303365025
6 0.7679299027742986 0.43303957869690685 0.10191060832602705 0.0179122936183352
7 0.7717391876037231 0.49162559120506305 0.10587709843515156 0.01915587544470855
8 0.7654723203731683 0.5109064195572722 0.12181632552213803 0.021046432961642433
