0 0.538213876107173 0.12920483508718802 0.25425251143445393 0.02927297044944106
2 0.7541422397003281 0.32766152557412326 0.1922588926373106 0.03197975109596203
1 0.2216337820944272 0.33069410090894463 0.18459351790295764 0.029832727537805664
3 0.23819719224517155 0.3613489099451013 0.21846669622505946 0.03139488190757722
6 0.7979786222967319 0.4743647473505872 0.10775118095930232 0.0316974654621139
5 0.6313875721238549 0.47654305044441764 0.04327620545939041 0.03033847882480695
4 0.29590316890746127 0.47750162446207367 0.3433815523971547 0.02990081669280888
6 0.8003806288264183 0.5620146408964768 0.11223896394908386 0.033879366252413126
5 0.6307899738551026 0.5626116699847169 0.045790862499449435 0.03109490629021879
4 0.2979993222043748 0.5698927792189511 0.3535720362807765 0.03390230353120978
7 0.8119649208289288 0.6212133694799711 0.09610813347868218 0.029234095982142858
8 0.8075942186674154 0.652731264327944 0.11430615888169486 0.03247761572956885
