0 0.38940862679058663 0.08865069644932483 0.44501973109225784 0.026055598343417946
1 0.39302848701948706 0.17559347460963604 0.18160555100792222 0.019026828036852444
2 0.34931330419122086 0.19308705481684976 0.09074309357725587 0.017481053119030664
3 0.5836572369945172 0.2095186117484574 0.07893811080508296 0.020048562072575788
6 0.7661813108852745 0.3840515785262323 0.11351434378908026 0.01862481667835006
4 0.29427041699529616 0.3858612600999852 0.2676494020719645 0.018518080818329397
5 0.5662509281562642 0.38622862400383706 0.04261425203927922 0.018655687352420305
6 0.7657829586513045 0.40271716697719895 0.11560147412531264 0.018913663573642266
4 0.2927345667930558 0.40386263904774206 0.2690806750982336 0.018760780235389612
5 0.5666317386809345 0.40399952497786307 0.041982306410584355 0.01852857281213105
7 0.7693870305039222 0.5123486443421635 0.12117057824579354 0.019426157117030697
8 0.7448060442068838 0.5311558891215319 0.1400618889267849 0.020135116126770956
