0 0.5053787626889901 0.09777504472271913 0.24644512684100386 0.022361359570661894
2 0.7624105929927328 0.32322267385629505 0.19210268731273655 0.027861257699819713
1 0.2868185532604375 0.3255752416757437 0.2866035249676396 0.02228384751539964
3 0.25900087605212496 0.34787367307222805 0.23565435128817547 0.02391841594989483
6 0.7870280119027281 0.4092617915226863 0.1356281251642662 0.024800638052133412
4 0.26918032993480273 0.4097168262188251 0.24793087483655515 0.021515068641075722
5 0.5926634048192415 0.4104109837458684 0.0651816968861701 0.025057572584885817
6 0.7852696706709288 0.4509114045363206 0.13455521027714992 0.02488547105055589
4 0.22123398712645867 0.45118807279146633 0.14711921249145815 0.02185533963716947
5 0.5924206245236281 0.4516424032358023 0.06596909660166106 0.026054851825420673
6 0.7832320512494086 0.49144637768085186 0.13182582486267347 0.023157471876878003
4 0.2916145549289713 0.4918065878061148 0.2849796125124842 0.02189160860501803
5 0.5932051239142004 0.49199177668644833 0.06459300792748633 0.02428131103515625
6 0.7866622116307033 0.529651612501878 0.133553032518135 0.023931591327373797
5 0.5936505676218198 0.5299699049729567 0.06675613698486123 0.024788724459134614
4 0.2809624956674792 0.5303073589618389 0.26717549316816913 0.021731215256911057
5 0.5932497067848507 0.5703816340519832 0.06715910248239067 0.025481590857872598
6 0.8081003354315601 0.5708857316237229 0.10196053751182717 0.024125143197866586
4 0.3119422585348606 0.5715478750375601 0.34551823570309215 0.02369713416466346
7 0.7487360486671442 0.6115631690392127 0.22264213337429037 0.02510411189152644
8 0.6952712794529279 0.6346184363731971 0.32805108021446594 0.02479999248798077
