5 0.4551001845742733 0.4298109726519762 0.041442073428346105 0.01812570517642232
4 0.2677936528168481 0.42994175322200423 0.23699471197347483 0.01788503701107768
6 0.7946340144117925 0.47539517909316836 0.08430506329279623 0.019521772650792635
5 0.4560126037735185 0.476317119700054 0.03848576040727805 0.018737592634539113
4 0.25673983944810796 0.47850372180896983 0.21173944254080526 0.01794243276249658
6 0.8012849732341011 0.5239458596178668 0.08142967769386415 0.018435398750966482
5 0.45835504450202796 0.5253317100474819 0.04214456909784813 0.019145973923430662
4 0.254389717751873 0.5275752194861615 0.19983064188190064 0.017663968209364743
6 0.81141534008492 0.5557011577180491 0.07022448174853538 0.019854522638300055
6 0.7932963408138467 0.4283119783399884 0.08014331633858872 0.019940033669571616
5 0.45795703697118634 0.5594015476218459 0.039613494254168546 0.01901188355827749
4 0.2569057138277937 0.5617297337939829 0.20539680890280695 0.018211407124484602
6 0.8183005953114438 0.6044657767731981 0.07350057607945584 0.021263673477673686
5 0.462312111289397 0.607852293052089 0.04128322799015604 0.018563034758786925
4 0.22109860200611198 0.6118000122337425 0.1277825319858326 0.0181070740948099
6 0.8191018089511041 0.6261190669020104 0.07405569618916179 0.021769116691739605
5 0.4623158795707878 0.6288753317534532 0.04097675944083765 0.019157559918626915
4 0.24432952729578006 0.6313840169092758 0.17305533850499238 0.018625939701005196
7 0.7484111055268421 0.6931664531549165 0.17745062616184093 0.031034440389086433
8 0.7499766476576583 0.7265759557811645 0.1766915237543657 0.029286791511385395
0 0.4907558267179718 0.1279386186388375 0.20914942050588733 0.024546933737305723
1 0.36653724824071826 0.3351848734780902 0.13635155590991552 0.02384559277338274
2 0.48786702256733794 0.3348342029961286 0.09937486278180287 0.023144251809459664
3 0.32667175096197176 0.3618358301071649 0.05662056135242255 0.018234865061998562
