0 0.4930459937970264 0.16886331595685392 0.3337922977427296 0.037157251674808475
2 0.7534411864042551 0.35756634948316246 0.19188531753133214 0.030309745223517263
1 0.2197829048480479 0.35973235012402255 0.18361578728979885 0.027783476873709058
3 0.23544824924676705 0.38806469315939435 0.2149221582874695 0.03037450840494984
6 0.7958131533030769 0.4652940846361851 0.12819871891722212 0.028705037494928445
5 0.6396101845237396 0.46549237235241775 0.06019524099054168 0.02969399072597005
4 0.29787775398509375 0.4686590866129389 0.3307572471168853 0.027344326313071703
5 0.6329782552572287 0.5503049272462378 0.04482662073436913 0.03145408686651667
6 0.8101172910970358 0.5505692568385309 0.1139387244619555 0.031349954298373416
4 0.3063281149153328 0.5526911335098388 0.3484803965071113 0.027501479683811596
5 0.6336533549670836 0.607535102508806 0.04368288195585336 0.031089965063901593
6 0.812322418178511 0.6086655045793836 0.11597037234791588 0.03141406912760032
4 0.30534580530101446 0.6090579377616462 0.34923696428414264 0.02809659496947846
7 0.8146932546778187 0.6669041556782974 0.11531702343163255 0.03233375673133668
8 0.8075886983151638 0.6977413354211235 0.1350261302894996 0.03091624269235025
