0 0.4789060950575924 0.06474749858562763 0.6504287529846161 0.023152256011962892
1 0.30061235518049634 0.21525995547954851 0.27578461923784375 0.017511940002441405
2 0.7546312589441264 0.21541618200448842 0.17385680453583874 0.019385807330791767
3 0.27617729190809326 0.2331405126131498 0.2290880916247978 0.019206428527832033
4 0.30210759498516443 0.26551371354323167 0.27724019682425183 0.01822342505821815
5 0.5941697420202837 0.26597640697772684 0.062418700807304626 0.019456863403320312
6 0.7786579654251182 0.26618241530198317 0.12823313157198854 0.020288379375751203
6 0.7760000955174372 0.3152812517606295 0.12722928705590467 0.01852384713979868
5 0.5937777377290474 0.3158018405620868 0.06066529960879169 0.018752435537484975
4 0.27265974987555996 0.31584490262545073 0.20974535488738177 0.01810320340670072
7 0.7334893978075224 0.34721905634953426 0.20464695977476358 0.017876610389122596
8 0.7327760854961268 0.3639831396249624 0.20348659304613614 0.019043174156775842
