0 0.5172361787391736 0.15359227538050302 0.3677051464357018 0.03818667830451148
2 0.7927778815530021 0.354183427722122 0.2086371581547324 0.03154048752156524
1 0.22110638147460615 0.3542766116344495 0.19105555493720577 0.028375052687813675
3 0.23802852977176764 0.3833699340054501 0.22538839490806697 0.029968246402525094
4 0.25378039397538044 0.4658626618618648 0.2625165724462907 0.02839680172718005
5 0.6554667054130018 0.46628638522388643 0.04490263894480922 0.030013368001097867
6 0.8306428262176867 0.46656256739138957 0.1350265417234473 0.031451684049560856
5 0.6597998990530538 0.5517730368275564 0.046750993983833006 0.031232539503607278
6 0.8453082414519326 0.5521935284661229 0.11633208028782623 0.03263912033406524
4 0.2765092802473055 0.5522934821498588 0.32673754406952016 0.029722237198086573
5 0.6758588999460584 0.6394299668679423 0.06803066832104807 0.032973871745608535
4 0.2946156154263323 0.6394635094004862 0.37358277254385014 0.03026639203654329
6 0.8417792117040387 0.6394995025290151 0.13601867050710273 0.032732978160288584
7 0.8572768182064544 0.6992336986355081 0.11875324230364222 0.031076620334065243
8 0.8500023631715601 0.7311875404348338 0.14050732534791047 0.030845467867785446
