0 0.4864252708672183 0.1157395127023805 0.6279540021959408 0.028067020282814385
2 0.7541020322328256 0.26202447060652895 0.17737918471725456 0.01867248756031363
1 0.3075381082799203 0.26467380868799006 0.2634389507517652 0.01794003623529855
3 0.2836221884081501 0.28182810379598916 0.22212110085621453 0.018963571509348614
6 0.7742013277299427 0.34486122269394603 0.12320471727383449 0.016976549541993364
5 0.5821181204616582 0.34572434373586397 0.04208005162725086 0.0176824664034228
4 0.34113242135708943 0.3465377531523296 0.332714214428458 0.017795672261384197
6 0.7740685378734737 0.36137294792294933 0.12416441756983843 0.017643268433353437
5 0.5829393399073446 0.3626400200966903 0.04230449960686976 0.017966953549080216
4 0.29082870295204194 0.36332786937386913 0.23689534244245652 0.016304588547949337
7 0.7456300996122657 0.4568795087973085 0.1767331214155772 0.01779402306053981
8 0.7305410768107117 0.47417448662733713 0.20500983307381598 0.02033176030986128
