0 0.46703565012521625 0.11893494629639222 0.6507169443120109 0.03001971479830576
2 0.7525103892691555 0.28189087677574587 0.1799271543748582 0.02172365968812547
1 0.28673756317304827 0.2845795693205451 0.28241954048835216 0.018919188170424695
3 0.2615416331213312 0.30352813743608487 0.2355062412047343 0.021137954295799975
6 0.7913201084586973 0.39503709202800535 0.11250346715134414 0.022352335540718037
5 0.5843737095107617 0.3964440921022798 0.04548177009485594 0.02199354594070553
4 0.229944398745002 0.3977080405518983 0.16394344821382997 0.020327379323555165
6 0.7992137763547811 0.4323311911423802 0.09719178464581443 0.022344975284197523
5 0.5943645885765227 0.4337761683078715 0.0650058199403074 0.023018362404615963
4 0.3240422700580798 0.43504654552926414 0.356366373882536 0.019778169808997374
6 0.7911618435231398 0.469816504223871 0.11419146030654492 0.022200305013916687
5 0.5858798433778074 0.4713806808964145 0.047086352228902 0.022840952736036403
4 0.3088538832759684 0.4723381250537512 0.32298777280831725 0.020907801212237304
6 0.792602262133479 0.5073017256839114 0.11503531841963476 0.021956439253268074
5 0.5858327377513186 0.5091284894334813 0.045088973971330534 0.02148742904834876
4 0.24603479181140825 0.5109574520978625 0.1865273698920996 0.020727917764495247
6 0.7853722269435544 0.5450459609844102 0.1325157982467956 0.02209854412293595
5 0.5865563255905456 0.5468992491438892 0.04352870048066016 0.020718175350262696
4 0.32517643978721217 0.5486060651445616 0.34610265049873806 0.020356148459000502
6 0.7960630994959449 0.5807244532520484 0.11642771753771551 0.019873975305698025
5 0.5876644293755672 0.582187953220775 0.04544205847323049 0.01883339995230798
4 0.32740992080494624 0.584122601228265 0.35035452176351944 0.019263471040780585
6 0.7967296676497277 0.5995238921867182 0.11707351601491606 0.02206397229562797
5 0.5893968696386541 0.6001582485692394 0.04555266392425703 0.020277048606767576
4 0.2948869611736651 0.6021991774592663 0.2813954846612338 0.020178769330904428
6 0.7998220232567207 0.6374774977717663 0.11550066994668784 0.02048399092287966
5 0.5894074483272601 0.6377173627290781 0.0428526059685515 0.019638019530272704
5 0.59028057783788 0.6565281321831217 0.044002913736388385 0.019727136661089568
6 0.8000463357638101 0.6566927148486364 0.11418558941129764 0.018985919126845135
4 0.33393321236335216 0.6588411157000563 0.35551635409872673 0.019364010312421815
5 0.6000247962245491 0.6756983936682981 0.06395825283929787 0.021001285632192893
6 0.800287430169578 0.6759109248928884 0.1143578392624206 0.020150488843194897
4 0.3245034122640122 0.677232442153881 0.336212919757933 0.01917887390151989
6 0.8010316215279747 0.6947608777872467 0.11491994978944532 0.019574128838816613
5 0.60114838034185 0.6955050577483894 0.0635282928411411 0.020560647536433576
4 0.30899295703036384 0.696941315605845 0.3029347885325686 0.01899892937281086
6 0.7932869137523395 0.7138378380953684 0.12874203109048887 0.020055630101482362
5 0.6017624427532328 0.7150282145202652 0.06343402620235934 0.02026458808950463
4 0.2843624675771502 0.7157445110199837 0.254562004075509 0.018957699720102576
6 0.7927365727087115 0.7324664335654084 0.12887778169663114 0.019399864840036276
5 0.6017332267415069 0.7350330557977076 0.06373615576437727 0.02024302650816237
4 0.3337122645438691 0.7353702838163779 0.35129332499149274 0.01962476496043908
6 0.7921251965088334 0.7505886372787403 0.12947511759513952 0.01873121149455842
5 0.602347372231596 0.7543575467244965 0.0644192288878176 0.019563683993463848
4 0.2844695075670301 0.7545307418063548 0.2596267450959194 0.01893497760038779
6 0.8003432867531335 0.7687127345020484 0.11434870060472437 0.01978357547457468
5 0.6031049669546138 0.7736852444020516 0.06426785948488543 0.01955568238679009
4 0.33497182773375467 0.7745936710833907 0.356643302903634 0.01995008219054916
6 0.7938962960632656 0.7871856956682356 0.12865634925136116 0.018869071237021515
5 0.6042954017376078 0.7915593677680135 0.06325014533235027 0.016937752142231675
6 0.8091201366833031 0.8030999445873468 0.09844671619782214 0.016721403357205403
5 0.5942250994285957 0.8067885936424976 0.04046808093948503 0.016131788782993494
4 0.3336378814088022 0.8093967814728233 0.35571643531647007 0.017046354101513634
7 0.747597945363898 0.8552092780522892 0.21428263641745124 0.02064194630347761
8 0.7313540643875482 0.8752971894448179 0.2475255284248809 0.023193725860801852
4 0.2470508166969147 0.6401050788091068 0.1894283121597096 0.019389542156617465
4 0.2822141560798548 0.7933450087565674 0.25521778584392013 0.018138603952964724
