0 0.3944825866412669 0.16839599609375 0.4609354511672902 0.03627223547949092
1 0.3949251061927118 0.26303707821217553 0.1907742752813175 0.023881580301813792
2 0.3498397794172442 0.2846540258991621 0.09464192562784111 0.019352315072159454
3 0.5950145316342499 0.3007123298952093 0.08420895744839403 0.020999320610215554
6 0.7839682995433539 0.5207301039640078 0.11995643293353873 0.02418898447632944
5 0.5817314040492958 0.5220378079148428 0.046534578565140844 0.022696306795152398
4 0.2397234061514268 0.5236033477981112 0.1405998838899281 0.02135343836130026
6 0.7857686933777142 0.5614297077658884 0.11876427019146127 0.022279937783722437
5 0.5829383241178844 0.5625891699092088 0.04561721730120305 0.02169476025453956
4 0.24542495655901556 0.5630718463744325 0.16157642060042546 0.02132281787046044
6 0.7865981410926497 0.6016486616913911 0.116322978561473 0.02161692657668612
5 0.5836744711432659 0.6031956139550908 0.0465933213211561 0.02139039194228275
4 0.2969226317786275 0.6043629607956388 0.2812501002925103 0.02096423830658236
6 0.7961321477039319 0.622453749442688 0.0992796132262324 0.020501162755350195
5 0.5932188795206133 0.6244609906979572 0.06464104450924296 0.021857140685797666
4 0.2954485754451841 0.6250531029608463 0.28073204649446154 0.019573238387645915
6 0.7873833741380575 0.6426438941411317 0.11709328235035212 0.02089824750729572
5 0.5841358453455106 0.6449723497284371 0.04490697439847418 0.02135315337224384
4 0.29503506942534113 0.6453007837832361 0.2837266948861136 0.019068554434176394
6 0.7874946128594483 0.6624486069734922 0.11689877219043428 0.022579556278372243
5 0.584496182007409 0.6653359577658885 0.04516366591475939 0.021287162572957197
4 0.29345170858320496 0.6662332616427529 0.2860342822724105 0.020569813452496758
6 0.788051522841476 0.6826866931643158 0.11630796333993544 0.023173346810149157
5 0.5841990869369865 0.6859914579280155 0.04546511654562793 0.020848279426070038
4 0.265922997703015 0.6870262848573282 0.23224808240720363 0.019819658925097277
6 0.788261220152949 0.7031602753120947 0.11536796462367958 0.022009261511024645
5 0.5849396181778169 0.7062629828347925 0.045394224068368544 0.02163066938229572
4 0.2837209853767789 0.7075455602504864 0.2678876420141945 0.021991148873216602
6 0.7888533471335828 0.7433535485570687 0.1168103428513791 0.021755937905317768
5 0.5851600611153902 0.7470225293348736 0.046017470382188966 0.02244681470898184
4 0.22080156926258068 0.7482460823504378 0.1375769386828785 0.01993675776183528
6 0.7889617490096831 0.7631875835967898 0.11781871240463615 0.024702471425097277
5 0.5863043126925617 0.7679763497081712 0.04564426762397301 0.02242851207846952
4 0.29607348374917475 0.7686534203753242 0.28913524072494867 0.02015695930609598
6 0.7634279349600206 0.8249958201605059 0.13870161889304577 0.02355402885862516
4 0.3187238093273181 0.8286371253343872 0.3268922617737676 0.02068824223816472
5 0.5492336506015258 0.8291589719621433 0.04664300909624413 0.02055436071254864
7 0.7897734019677963 0.8848083416930124 0.12721554751687206 0.023221604957036318
8 0.7550572641578639 0.90588112916464 0.1576867618471244 0.020213893786478598
