0 0.5306104638432741 0.20688129652562198 0.25099211179921854 0.03059969119019434
2 0.7310645312171191 0.3905225749794838 0.18171481251315236 0.028263376614062863
1 0.24655474524706703 0.39302898799710956 0.16459935249302926 0.02668276039245875
3 0.26037558096426505 0.41851212317351266 0.196081060030645 0.028784366920607717
6 0.7687433827204335 0.5197442985816582 0.10281353574810606 0.02727986379415524
4 0.3101342352151068 0.5201870197754473 0.300048221883549 0.026087926482976993
5 0.6124636255129419 0.5207835274354374 0.04203805634469697 0.025302852388595167
5 0.6139825377801452 0.5980252978027684 0.0419131500552399 0.028626750686294444
6 0.772759824810606 0.5980529005018301 0.10691074152988216 0.029413867323669532
4 0.2938418764056581 0.5983518777324687 0.27004876441827125 0.025639758507872413
5 0.6157881303267045 0.6512346491546596 0.04258716724537037 0.02916535792615617
4 0.2519585503472222 0.6520549854843278 0.1907154224537037 0.02420090044373112
6 0.782990344525989 0.6521206305466389 0.09283040364583334 0.02949085984705438
5 0.6176909475615531 0.7342350290676563 0.044064587936658246 0.02879735976353707
6 0.7812086111768729 0.7345424034194893 0.1095754912405303 0.030669974527219382
4 0.30221581764092753 0.7351801874691349 0.3141215725779935 0.026752944439199396
5 0.6294237541429925 0.7910755112258163 0.061385255550294615 0.0326182201189577
6 0.7934083675294613 0.7914649277212119 0.0929983428030303 0.03030532386561701
4 0.26758850816925767 0.7925197025966623 0.2496466434363163 0.026418875185190566
7 0.79721872862742 0.8481420915458692 0.09640093973590068 0.0310001289071578
8 0.7827233927819865 0.878264636182242 0.12540459937920875 0.0298054114680165
