0 0.5103052792549887 0.12016030357508423 0.3320447283558357 0.028440539783567257
1 0.22163433498806423 0.32977776696839306 0.18286864520513524 0.03037434689284581
2 0.7751052588747259 0.33164751856460184 0.20352672554596127 0.02911330479655774
3 0.23840615902727808 0.36086272418801557 0.2192048078391984 0.031213285959311547
4 0.2973914174308554 0.4789627152651095 0.33903792308785063 0.02761252156368972
5 0.6374726323356406 0.48190227063174174 0.04656331023277595 0.030724725868496193
6 0.8198832907871894 0.4835660053388721 0.12150671886421784 0.033716285047192256
4 0.2789621799312837 0.5677433226919416 0.3062209302221822 0.02927109771573604
5 0.6369548150670459 0.5706691064205266 0.04729528594435307 0.030997680044416245
6 0.8186827988652458 0.5754129012829156 0.1241607666015625 0.035241451360247464
4 0.30151173106411044 0.65804443359375 0.35697066993044135 0.02956679290926396
5 0.6352246825458013 0.6591101631900381 0.04698163305806835 0.030609533629441625
6 0.816824037429185 0.6666348994685913 0.12456365217242324 0.03611744527284264
5 0.6450444494771679 0.7175665376150063 0.06568922076308936 0.03287867822017766
4 0.2930227636593824 0.7178928743159105 0.3442391178064179 0.03286684297668147
6 0.8156051189578765 0.7267131669872303 0.12249970017817982 0.03620537307661802
7 0.8136121515642133 0.7858741101879759 0.1245098448636239 0.0346767677268401
8 0.8039090117515876 0.8156905275916085 0.14049940499645924 0.036065456951935276
