0 0.550638211451931 0.13867719645569132 0.2616644242691179 0.030004806710329103
1 0.23156514311041443 0.3323179091053413 0.17785657628923016 0.026868814731504008
2 0.7587252506370709 0.33288745410659343 0.19067864806866952 0.028203692378899543
3 0.2470984724969823 0.3610738700774989 0.211029917180794 0.027485350165015025
5 0.632774071427374 0.46809033468647143 0.04368865049959764 0.027026276350976673
6 0.8000062082970091 0.46811971680805486 0.10960190408731223 0.02780055290095521
4 0.3166544705501442 0.46885159715762736 0.34436780413844553 0.027381901339796795
6 0.7895761121496111 0.5470774606356432 0.12779708665839593 0.028567317969197197
5 0.6320441643055928 0.5472207028455031 0.04517591746579935 0.028045007960074413
4 0.3158817667817865 0.5489303510258657 0.3439120968012339 0.02821438313895249
7 0.8067823942127146 0.6000875244839368 0.09506720677977468 0.027837201944404692
8 0.7907568411765692 0.6267174740962185 0.12739608830136803 0.028746615291392386
