0 0.5395657445903616 0.10931716821132562 0.2531964822223153 0.02064851614145132
1 0.23216940953968038 0.2510100951561561 0.17253985502977687 0.022449097266564
2 0.7456365863162562 0.25568974568293645 0.1854756945898961 0.022889225299541766
3 0.24702412704999582 0.27402151547945464 0.20625723803863663 0.023689944927509015
4 0.30592322328241944 0.337496464069073 0.32223383926514326 0.021654539841871996
5 0.6246416707247682 0.340095461331881 0.04250048653582998 0.02243206317608173
6 0.7763321154665158 0.34079102736253003 0.12247983167169348 0.02419005173903245
4 0.31331076123439594 0.38094551379864033 0.33654738793530775 0.021402359008789062
5 0.6248181490518878 0.38289668743426986 0.041380854138739945 0.0221407963679387
6 0.7825902098518488 0.38322671743539666 0.10545500481735925 0.023920323298527644
4 0.3001175608562507 0.4236116262582632 0.3036607975827678 0.02063463651216947
5 0.6245866354498296 0.42470587216890776 0.041320909870001116 0.022434792151817907
6 0.782310697199299 0.425338627741887 0.10430548210246314 0.023040008544921876
5 0.6249505009791806 0.4660632940439077 0.043167346071408624 0.022124862670898436
4 0.3173348066314615 0.4662048633282001 0.3309487759587592 0.02004517775315505
6 0.7818050981100592 0.4663378495436448 0.10236921131451072 0.022975334754356973
6 0.7900240082523459 0.5075589986947867 0.08932492389968721 0.02252343984750601
5 0.6343852597970425 0.5079305502084586 0.06001075833263517 0.02281194833608774
4 0.27849431587607865 0.5085259070763222 0.2462678965550645 0.020654296875
7 0.7934694128232518 0.5480174724872295 0.09190029113605898 0.02238476092998798
8 0.7807699822228971 0.5690128326416015 0.12038429130711015 0.020915985107421875
