0 0.5617398477622938 0.09917328876324241 0.26761997872920856 0.024489979573854608
1 0.23174543847889598 0.2558514243864852 0.17700631625146232 0.022883682978599676
2 0.7698457597119549 0.26025210316443503 0.19427162088373656 0.02479305120922017
3 0.24605589167428937 0.27985231053915155 0.214613683192391 0.024251472453622934
4 0.3088303858044137 0.37623096793494853 0.3471812282791654 0.025780630987947778
5 0.6392413663085549 0.3801471420043179 0.045966448797167464 0.025607790329146313
6 0.8106337972296893 0.38172871779774364 0.11379908869723218 0.02748470301959758
4 0.28690317777559987 0.4500185249294894 0.3002618070334279 0.026155871550796697
5 0.636577063848753 0.4527711976985927 0.04635020946896157 0.025852214904628985
6 0.8081452351839407 0.4544756956559665 0.11565206839904421 0.027527238801901607
4 0.2694912040342804 0.4973134876933589 0.26016788338342545 0.024321948963421727
5 0.6435975409370644 0.4998165963832432 0.06307933568859518 0.026341461586270064
6 0.8125855124172392 0.5013463228185334 0.09500609427892275 0.02567945943097232
7 0.8092208005479017 0.5477889798136194 0.0967578105554311 0.023980299742672715
8 0.799068911243653 0.5711811897116336 0.10976556666293309 0.024085304631164223
