0 0.49396718146718144 0.17838671824068847 0.32818532818532814 0.03476900343343907
2 0.7629530004552892 0.3963468927070657 0.20803894867768158 0.03809492472714481
1 0.22347525519293707 0.3968534826470756 0.17743670489336993 0.029009803653597507
3 0.2375459774120434 0.42962367954608116 0.2066475636250264 0.030982722835697446
4 0.30242567320127745 0.522780448279919 0.33942215378220014 0.030405906257130362
5 0.627089567442198 0.5258479894458759 0.04200575545027449 0.03459113167164207
6 0.8107539821315456 0.5286093706920729 0.11969010636613175 0.03698195691597581
4 0.24026050567626953 0.6196215344955032 0.22295263135755383 0.03131272490350243
5 0.6262331163561022 0.6269214097438774 0.04492228739970439 0.03671156021828415
6 0.8029506374049831 0.6318437549021239 0.13945708403716217 0.038840084696817004
4 0.21901179648734428 0.7179201298438926 0.19122098974279456 0.033540628802859754
5 0.6256742528966955 0.7302036639365302 0.0451932752454603 0.036928590612640706
6 0.8158936371674409 0.7383463145535443 0.12533866263724663 0.04242862507605719
7 0.8257977872281461 0.8063772843897361 0.10327931996938344 0.03810933400041831
8 0.807945086504962 0.8415557053591801 0.14065790949641047 0.03840858638195924
