0 0.4992996021740348 0.16485217205678304 0.3291869782036197 0.032020493115594004
2 0.7630861083245675 0.3485801850684438 0.19910143507410646 0.03244115296289626
1 0.22405182323369244 0.3504014248806736 0.17938572916789783 0.025857447203710374
3 0.24053166745830773 0.37823192585442184 0.21418993051041274 0.026588919252071325
6 0.8090643716832333 0.4551720698903548 0.11493099980202817 0.030669585566012247
5 0.6421737324632423 0.4559683412227576 0.05892893550255295 0.028866181387337896
4 0.29799527443843965 0.4568650479275486 0.3336773755510708 0.02503795788679755
6 0.8090471738044865 0.5096057023369956 0.11685610033921143 0.03125745789805476
5 0.6328669791863654 0.5097158470483609 0.04232035534464826 0.02891216003242075
4 0.3070978288751507 0.5107017670996938 0.35089426430198684 0.027077306038364553
5 0.6338449498348265 0.5636179107753962 0.043835661595239224 0.029109583258285304
4 0.28880897556599255 0.564439370103116 0.3168916918686767 0.026545051332853026
6 0.8100268065298198 0.5649601565314302 0.11454835277101456 0.029129775869056195
7 0.8115252149988772 0.619817851393642 0.11454013472425775 0.030299540143191642
8 0.8045731860462367 0.6479678283163725 0.1337635773212935 0.0301368735365634
