0 0.495641277105808 0.19086451337810464 0.3356216628527841 0.04263937746508899
1 0.27035825741217 0.361106899396886 0.31472238601130886 0.03701490421130477
3 0.7615789018763791 0.3628791245477894 0.25497303838315216 0.04528148859729773
5 0.6160482236395166 0.4282932165601515 0.04549974364835322 0.03933603587454029
4 0.23254708286670736 0.4291938706103094 0.23959440372862353 0.03457677711264791
6 0.824964580055778 0.4367877995582827 0.12934201587528604 0.0480087275393748
4 0.24274949132714174 0.46409547889350816 0.2558797965372415 0.03377322888351455
5 0.6167428352428286 0.46434268396351336 0.04528581133540373 0.03956963637022306
6 0.8334446159130844 0.4784125984890504 0.11191297707584177 0.04600801580738328
7 0.7855439299888648 0.5416367509169132 0.19871458644062603 0.049386127253557725
8 0.7663891066831481 0.5785805092553266 0.2372810635624387 0.051830305167192996
2 0.2520976353928299 0.39500053299221827 0.2822273073989322 0.037309455281952834
