5 0.5255529378943704 0.41985910834995566 0.04183665628965736 0.02155305758717494
6 0.7413443679938664 0.42030540087544327 0.08901273552065708 0.022258857745087176
4 0.2635006374782986 0.4204842497552822 0.1261551755333915 0.020952445677268026
5 0.5334032363160075 0.4415361841801492 0.05706824976646221 0.020761692777593085
4 0.35019937290421865 0.44177711432707223 0.2982584807540627 0.02130126953125
6 0.7340861759949591 0.442278598217254 0.10126768608114778 0.021783634844119385
5 0.5341374138554005 0.46470173143607785 0.055941801722010714 0.02074834584626182
4 0.3215266452021203 0.46526794794321624 0.2403081473292971 0.022141080094285608
6 0.7407166319113967 0.4666930575179152 0.08827473682934997 0.022592747465093085
7 0.7251690876934398 0.5099135234282653 0.09039434012355471 0.02298276644226507
8 0.7183684011804674 0.5318373010513631 0.10458437709302736 0.023640517647384753
0 0.49016251524810134 0.14225630875804057 0.424979341282021 0.026114684699543672
1 0.27701701229029757 0.3085656165814503 0.1587114206639646 0.023365770520644376
2 0.40096932016422043 0.30753477376436306 0.08132320728236216 0.024052999065369153
3 0.7170804968585632 0.3047858595854637 0.1206731462899566 0.025427456154818808
