0 0.5111607142857143 0.1308654116324811 0.4359243697478991 0.03161000280977804
1 0.2833508403361345 0.30085698229839847 0.17463235294117646 0.030205113796010114
2 0.41334033613445387 0.30191064905872445 0.09322478991596639 0.02950266928912616
3 0.7396271008403361 0.2976959820174207 0.13130252100840337 0.02950266928912616
4 0.26234243697479 0.42308232649620686 0.15099789915966386 0.025990446754706378
4 0.35359768907563033 0.4476678842371453 0.3335084033613445 0.02739533576847429
4 0.3201155462184875 0.4729558864849677 0.2691701680672269 0.030205113796010114
5 0.540703781512605 0.420974992975555 0.05383403361344532 0.02739533576847429
5 0.5466123949579832 0.4462629952233774 0.06827731092436969 0.028800224782242204
5 0.5466123949579832 0.47155099747119983 0.06827731092436969 0.02739533576847429
6 0.7678571428571429 0.41851643720146114 0.10110294117647059 0.02950266928912616
6 0.7586659663865546 0.4441556617027255 0.12211134453781512 0.02739533576847429
6 0.7698266806722689 0.4708485529643159 0.09978991596638656 0.028800224782242204
7 0.7501313025210085 0.5182635571789829 0.09716386554621849 0.02950266928912616
8 0.7415966386554622 0.5439027816802473 0.11948529411764706 0.028800224782242204
