0 0.4709977695839976 0.15895841594927745 0.6740324302266973 0.04710107276644196
2 0.7708440095253305 0.4272952046928812 0.18966846508990529 0.03224093270585473
1 0.28073655262265274 0.43023853624471664 0.29766938423448636 0.02973233809975736
3 0.2535660122000715 0.4618735698587684 0.24746585053245734 0.03184365002005714
6 0.8003979831017325 0.550251482424321 0.1358968129483543 0.03138044019303773
5 0.5869057291178263 0.5504995213498454 0.04357818580621718 0.03134061637787649
4 0.28764445139605216 0.5518095032005812 0.31906606412345273 0.02820699425436365
6 0.8197097034268332 0.5809330758110911 0.10149372670316016 0.03259315562382593
5 0.5983108325909603 0.5811382143215306 0.06507419091100901 0.033618370443116
4 0.313220820387592 0.5826241929753542 0.37122327227925145 0.029804150910398404
7 0.7735631875498171 0.6647537986263307 0.18678506907000186 0.03144720814417658
8 0.7374051688581325 0.6977034194363455 0.2606170494039525 0.03342685687519568
