0 0.4962070895456082 0.07906306829207983 0.5845236834176292 0.034560032379932895
2 0.747409152637548 0.2999232952411358 0.16267579507114335 0.027183923965845354
1 0.3272508990653748 0.30243277916541467 0.25880557383017844 0.025559332431891027
3 0.3028400512152339 0.3287626021947616 0.21431238873979605 0.0289583255083133
4 0.3542452764761771 0.4268195127829527 0.32294998138094544 0.026905627128405447
6 0.7786609543223059 0.4272848862868089 0.10242089172437323 0.02590484619140625
5 0.5892554135444046 0.427471434764373 0.040017244838000406 0.027468128693409456
4 0.3462442474426936 0.45167054396409256 0.3132389869180904 0.0256742428510617
5 0.589230140596568 0.4521173526079227 0.03998891149413668 0.026357758350861377
6 0.7784331522631924 0.45216287466195915 0.10180634445764254 0.025260338416466348
4 0.3039429784544171 0.47739909245417667 0.23246285715808862 0.025687701885516827
5 0.5887571860073165 0.47782373672876605 0.039324953639936315 0.027773265349559297
6 0.7788385313337166 0.4780616173377404 0.10391619135096543 0.027875303610777242
4 0.3496116826373269 0.5032874474158654 0.32272204357845985 0.02525642590645032
5 0.5978700581514734 0.5039039611816406 0.05667641188902649 0.027167726174379007
6 0.7872862856348565 0.5043614314152645 0.08837475990699555 0.026697716346153845
4 0.3489865412174137 0.5282262166341146 0.32433157742288593 0.025931255634014425
5 0.5881253129501743 0.528683608617538 0.03925170158019106 0.025557415301983175
6 0.779275180741066 0.5294579530373598 0.10319887401119592 0.025492115509815706
4 0.3003559228239202 0.5534416198730469 0.22957705178821902 0.027084154960436698
5 0.5873882017586812 0.5541288131322616 0.04021473910420036 0.027315619052984776
6 0.7776980402013622 0.5547350369966947 0.10521962389114942 0.028069755358573718
5 0.5851928859021178 0.6034941648825621 0.03954564768247068 0.027162561661157852
4 0.3236320609753304 0.6036626766889523 0.28369334367813004 0.025467505821814902
6 0.7766550128102254 0.6040850125826323 0.10351532883264254 0.02714679424579327
4 0.29762738232086217 0.6288053463666867 0.23418067719258617 0.026215147360777243
5 0.584691449885324 0.6293155572353265 0.03898919857902851 0.027080711951622597
6 0.7764872833634503 0.6294673039362981 0.10431932448569552 0.026435656425280448
4 0.3425825144470437 0.6540071536333133 0.32761113729449937 0.026430648412459935
5 0.583889478042547 0.6540079165727665 0.0393167596763799 0.02619030292217548
6 0.7762097251882835 0.6541675469814203 0.1046078902143146 0.025299659142127402
5 0.5840673018600889 0.6795204749474159 0.03939707039147796 0.02768265161758814
4 0.29584662672290424 0.6796583909254807 0.2384015556486618 0.029047413361378206
6 0.7765441968573089 0.6797785441080729 0.10422524198847553 0.02746104705028045
6 0.7762791517529949 0.7059679862780449 0.10588057071054893 0.027723263471554488
5 0.5838077852131142 0.7060544918744992 0.03924775268209159 0.026757577749399037
4 0.340459228959876 0.7062598204001402 0.3276545011317542 0.02755745129707532
4 0.29470780153193554 0.7313322409605368 0.23979692347272416 0.027173477564102565
5 0.5829301672911191 0.7317845271183894 0.038666129353265265 0.025349934895833332
6 0.7753435590707769 0.7320103571965144 0.10537254497005155 0.025381078475560898
5 0.5821649695618935 0.7544263790815304 0.03831102469167004 0.023581480368589744
4 0.3396432076780795 0.7546313163561699 0.33167246792704963 0.024030636518429488
6 0.7744974582917383 0.7549170469626402 0.10587908987376163 0.024593333708934295
5 0.5821595398270066 0.778785901191907 0.039398156338455316 0.027191162109375
6 0.7742716800429008 0.7791195600460737 0.10485484442921048 0.02623306665665064
4 0.2922179163876112 0.7794956305088141 0.23970951708135363 0.027544383513621797
6 0.7749151036269839 0.8052361121544471 0.10621770788579155 0.027785863631810896
5 0.5818988631912151 0.8057427430764222 0.040036396993782856 0.027298130133213142
4 0.29354034065959234 0.8062696016751802 0.2497065228293697 0.027851672050280447
6 0.7733153062844343 0.8310239742963742 0.10842997932356956 0.027414722931690706
5 0.5811962554968662 0.8320551554361979 0.04039219271254549 0.02792679224258814
4 0.2887851886309644 0.8324537228315304 0.24176324026043772 0.026308812850560897
7 0.739847284263799 0.9062969892452925 0.16380522928881924 0.02571278107471955
8 0.7075855025288743 0.933184579702524 0.22968247502716843 0.028946314102564104
