0 0.5031627268126942 0.1784296937009006 0.2873563218390804 0.029373714899973126
3 0.7281719514693337 0.3341073550779956 0.21559002755702228 0.02921895863955366
6 0.7845932240687111 0.4131867192999027 0.10618146991364344 0.029159358891085625
4 0.3781021746639091 0.41332197110358354 0.42850124607597734 0.029052532204889864
5 0.6175639711577317 0.41427734617604134 0.05798193686766643 0.026820735925078668
1 0.3066750812330586 0.33509549925513515 0.28453894329546753 0.028528432514622348
5 0.6086040219127904 0.46725796437018674 0.04369924260281968 0.026218026392741803
4 0.37363942464192706 0.46756981176507123 0.42707707781444565 0.02831246829972673
6 0.7847977561512213 0.4678556398667812 0.11067544637511974 0.032501432981740644
7 0.7521700804260956 0.5482435096925203 0.17116420935853688 0.029433825032605995
8 0.7380239844778945 0.5756554516706691 0.20139315667280291 0.02948076893217953
2 0.292615484710475 0.3606092233464785 0.25663268994433597 0.026248851612741934
