0 0.4046296296296296 0.14548611111111115 0.3675925925925926 0.029861111111111113
1 0.2185185185185185 0.325 0.1435185185185185 0.029166666666666684
2 0.3337962962962963 0.325 0.07592592592592594 0.027777777777777773
3 0.6236111111111111 0.32534722222222223 0.11481481481481479 0.027083333333333372
4 0.26222643097643095 0.4279356060606061 0.21595117845117845 0.025946969696969576
4 0.2888468013468014 0.4527146464646465 0.26851851851851855 0.025
4 0.26462542087542085 0.5016414141414142 0.21519360269360263 0.023232323232323212
4 0.2903829966329966 0.5254734848484848 0.26468855218855214 0.02556818181818187
5 0.447979797979798 0.42727272727272725 0.043434343434343416 0.023484848484848497
5 0.447979797979798 0.45227272727272727 0.04444444444444442 0.02424242424242425
5 0.4502525252525252 0.5 0.04595959595959592 0.02272727272727269
5 0.4505050505050505 0.525 0.04545454545454542 0.02424242424242425
6 0.6224747474747474 0.4270833333333333 0.08131313131313134 0.026136363636363628
6 0.6204545454545454 0.4509469696969697 0.08636363636363634 0.023863636363636375
6 0.6159090909090909 0.49886363636363634 0.09545454545454542 0.025
6 0.6255050505050505 0.5240530303030303 0.07929292929292925 0.024621212121212183
7 0.6194444444444445 0.5712121212121213 0.08535353535353533 0.023484848484848386
8 0.6131313131313131 0.5952651515151515 0.097979797979798 0.024621212121212124
