0 0.44 0.1071875 0.32166666666666666 0.026875
1 0.27416666666666667 0.265 0.12833333333333333 0.02625
2 0.37583333333333335 0.2671875 0.07166666666666667 0.024375
3 0.6370833333333333 0.2609375 0.1025 0.026875
4 0.31136831275720167 0.35923225308641976 0.1955761316872429 0.02155092592592598
4 0.3348559670781893 0.3806712962962963 0.24304526748971192 0.023842592592592554
4 0.31180555555555556 0.4252391975308642 0.19367283950617278 0.021126543209876503
4 0.3358847736625515 0.447445987654321 0.2409876543209876 0.02239197530864192
5 0.47860082304526746 0.35848765432098767 0.04032921810699592 0.020679012345678986
5 0.4783950617283951 0.3811728395061728 0.0407407407407408 0.023456790123456812
5 0.48251028806584356 0.424537037037037 0.041563786008230484 0.021296296296296306
5 0.48230452674897123 0.4466049382716049 0.04279835390946505 0.020987654320987644
6 0.6403292181069958 0.3537037037037037 0.07654320987654319 0.02283950617283949
6 0.6388888888888888 0.37623456790123455 0.08024691358024696 0.02283950617283949
6 0.6345679012345679 0.4216049382716049 0.08888888888888892 0.021604938271604965
6 0.6467078189300411 0.4439814814814814 0.06707818930041155 0.021913580246913568
7 0.6425925925925925 0.4890432098765432 0.08024691358024681 0.021296296296296306
8 0.6374485596707818 0.5109567901234567 0.09135802469135797 0.023148148148148154
