0 0.4815653992599345 0.21775429989128312 0.3036681503727141 0.03972346890418976
1 0.20940365742478684 0.46515485183843 0.18166461092937203 0.039723468904189714
3 0.22515686169357002 0.5024391603713098 0.21451171770257949 0.03902656594095834
2 0.7426663806510431 0.4728207844339754 0.2024454335818094 0.045298692610040985
4 0.29051590068107475 0.6142920859699496 0.3599774762696412 0.039723468904189804
5 0.6106076044403926 0.6174281493044907 0.04290234354051593 0.04181417779388393
6 0.7926073899286749 0.6285785967161932 0.11865179385423939 0.04460178964680961
4 0.25398187375985415 0.6888607030357092 0.29361291360540565 0.039723468904189804
5 0.6199924920898805 0.696178184149639 0.05899072236820943 0.04460178964680961
6 0.8029978012548935 0.7087224374878042 0.1005523676730842 0.04181417779388393
7 0.8073256448062046 0.789144586910316 0.10718830158954581 0.041664841444620154
8 0.7991116916547281 0.830451926185486 0.12260633129941852 0.045140305572943136
