0 0.45631313131313134 0.2056818181818182 0.20353535353535357 0.012878787878787904
1 0.4275252525252525 0.2719696969696969 0.07121212121212117 0.012121212121212125
2 0.4113636363636363 0.2818181818181818 0.03989898989898984 0.009848484848484872
3 0.4047979797979798 0.2909090909090909 0.02575757575757575 0.010606060606060624
4 0.34368686868686865 0.3613636363636364 0.05707070707070704 0.010606060606060567
4 0.381060606060606 0.37064393939393936 0.1328282828282828 0.010984848484848498
5 0.4679738562091503 0.35981506238859173 0.02483660130718954 0.009781639928698781
5 0.46825980392156863 0.3694852941176471 0.02573529411764707 0.010294117647058783
6 0.5910539215686273 0.3582720588235294 0.04289215686274504 0.01066176470588232
6 0.5911764705882353 0.3684742647058823 0.0441176470588235 0.010110294117647071
7 0.5942401960784313 0.38639705882352937 0.03602941176470586 0.010294117647058783
8 0.5914215686274509 0.39678308823529407 0.04215686274509797 0.01121323529411768
