0 0.48101851851851857 0.25625 0.5537037037037038 0.03333333333333334
1 0.3930555555555555 0.4357638888888889 0.1962962962962963 0.02847222222222223
2 0.34675925925925927 0.4607638888888889 0.1018518518518518 0.025694444444444457
3 0.3282407407407408 0.48576388888888894 0.06296296296296297 0.027083333333333372
4 0.14166666666666666 0.6819444444444446 0.15648148148148147 0.031944444444444456
4 0.2462962962962963 0.7097222222222221 0.37129629629629624 0.02916666666666663
5 0.49027777777777776 0.6819444444444445 0.06481481481481478 0.029166666666666743
5 0.4912037037037037 0.7104166666666667 0.06851851851851855 0.030555555555555544
6 0.8337962962962964 0.6850694444444445 0.11481481481481479 0.03125
6 0.8333333333333334 0.7114583333333334 0.11759259259259261 0.028472222222222173
7 0.8398148148148148 0.7604166666666667 0.10092592592592595 0.02916666666666663
8 0.8324074074074076 0.7875 0.11759259259259261 0.030555555555555544
